2 0.7347222222222223 0.5430555555555555 0.20277777777777778 0.21180555555555555
2 0.5493055555555556 0.5506944444444445 0.17916666666666667 0.2013888888888889
2 0.9229166666666667 0.7951388888888888 0.15416666666666667 0.2465277777777778
2 0.12013888888888889 0.1625 0.14652777777777778 0.19305555555555556
2 0.5048611111111111 0.88125 0.19722222222222222 0.2375
8 0.4125 0.6583333333333333 0.2222222222222222 0.25972222222222224
8 0.34930555555555554 0.8826388888888889 0.17916666666666667 0.23472222222222222
8 0.7888888888888889 0.8944444444444445 0.18472222222222223 0.2111111111111111
8 0.9527777777777777 0.5125 0.09444444444444444 0.3472222222222222
8 0.8993055555555556 0.3215277777777778 0.15625 0.16527777777777777
2 0.9430555555555555 0.18541666666666667 0.11388888888888889 0.19305555555555556
8 0.7916666666666666 0.12222222222222222 0.20555555555555555 0.20347222222222222
8 0.37083333333333335 0.3770833333333333 0.22777777777777777 0.23680555555555555
2 0.1909722222222222 0.4395833333333333 0.25833333333333336 0.24583333333333332
2 0.2326388888888889 0.2375 0.2534722222222222 0.27708333333333335