8 0.5763888888888888 0.09375 0.19375 0.17847222222222223
8 0.6173611111111111 0.26805555555555555 0.11527777777777778 0.16319444444444445
8 0.41041666666666665 0.28125 0.12569444444444444 0.20277777777777778
8 0.2625 0.50625 0.15763888888888888 0.1125
8 0.32222222222222224 0.6541666666666667 0.13541666666666666 0.1284722222222222
8 0.3368055555555556 0.5381944444444444 0.10069444444444445 0.11041666666666666
8 0.42083333333333334 0.7333333333333333 0.18611111111111112 0.14930555555555555
8 0.5361111111111111 0.9138888888888889 0.22569444444444445 0.17222222222222222
8 0.3958333333333333 0.4625 0.13125 0.13541666666666666
2 0.4618055555555556 0.5916666666666667 0.13055555555555556 0.14583333333333334
8 0.5756944444444444 0.6833333333333333 0.14930555555555555 0.14027777777777778
2 0.5958333333333333 0.5465277777777777 0.11597222222222223 0.16666666666666666
8 0.5819444444444445 0.4340277777777778 0.1076388888888889 0.15694444444444444
2 0.6631944444444444 0.4 0.075 0.18611111111111112
2 0.6756944444444445 0.8819444444444444 0.18333333333333332 0.225
8 0.6604166666666667 0.7666666666666667 0.18194444444444444 0.17708333333333334
2 0.42916666666666664 0.9465277777777777 0.12986111111111112 0.10694444444444444