2 0.1909722222222222 0.7708333333333334 0.2 0.18611111111111112
2 0.08263888888888889 0.5708333333333333 0.16527777777777777 0.26944444444444443
2 0.3701388888888889 0.5180555555555556 0.20625 0.2659722222222222
2 0.7034722222222223 0.8152777777777778 0.16041666666666668 0.16319444444444445
2 0.7715277777777778 0.9541666666666667 0.11527777777777778 0.09166666666666666
2 0.9284722222222223 0.7326388888888888 0.14305555555555555 0.18194444444444444
2 0.7027777777777777 0.6888888888888889 0.18263888888888888 0.09375
2 0.5736111111111111 0.7701388888888889 0.2222222222222222 0.22291666666666668
2 0.5361111111111111 0.4826388888888889 0.13819444444444445 0.15555555555555556
2 0.13402777777777777 0.32013888888888886 0.26180555555555557 0.28055555555555556
2 0.8416666666666667 0.8305555555555556 0.19305555555555556 0.10208333333333333
2 0.7381944444444445 0.5333333333333333 0.16041666666666668 0.17916666666666667
2 0.7076388888888889 0.35694444444444445 0.09097222222222222 0.20347222222222222
2 0.9409722222222222 0.5548611111111111 0.11805555555555555 0.16319444444444445
8 0.9375 0.9236111111111112 0.125 0.1527777777777778
2 0.9013888888888889 0.9138888888888889 0.12638888888888888 0.17222222222222222
2 0.26319444444444445 0.10555555555555556 0.13402777777777777 0.2111111111111111
2 0.3284722222222222 0.12361111111111112 0.10347222222222222 0.16666666666666666
2 0.3909722222222222 0.2763888888888889 0.10208333333333333 0.19930555555555557
2 0.475 0.25625 0.13333333333333333 0.23055555555555557
2 0.7722222222222223 0.21597222222222223 0.09791666666666667 0.16875
2 0.6381944444444444 0.18888888888888888 0.17152777777777778 0.11458333333333333
8 0.05625 0.13194444444444445 0.11180555555555556 0.26319444444444445
2 0.2861111111111111 0.36944444444444446 0.14027777777777778 0.19027777777777777
8 0.3923611111111111 0.8375 0.1875 0.21388888888888888
8 0.6118055555555556 0.40625 0.2111111111111111 0.13958333333333334
8 0.5319444444444444 0.09027777777777778 0.16875 0.15902777777777777
8 0.32708333333333334 0.6319444444444444 0.13958333333333334 0.16875
2 0.8847222222222222 0.052083333333333336 0.22777777777777777 0.10416666666666667