2 0.7131944444444445 0.18125 0.13125 0.19791666666666666
8 0.8631944444444445 0.4388888888888889 0.20625 0.19930555555555557
2 0.8909722222222223 0.26666666666666666 0.13472222222222222 0.1798611111111111
2 0.9479166666666666 0.31180555555555556 0.10416666666666667 0.15416666666666667
2 0.9090277777777778 0.1625 0.18125 0.14097222222222222
2 0.47847222222222224 0.4625 0.11041666666666666 0.21319444444444444
8 0.5284722222222222 0.5298611111111111 0.11736111111111111 0.20416666666666666
2 0.5298611111111111 0.3819444444444444 0.15416666666666667 0.09722222222222222
2 0.6694444444444444 0.3625 0.1798611111111111 0.20902777777777778
2 0.5493055555555556 0.7826388888888889 0.11527777777777778 0.13680555555555557
2 0.7020833333333333 0.9319444444444445 0.09861111111111111 0.1361111111111111
2 0.1875 0.8340277777777778 0.11527777777777778 0.22083333333333333
2 0.06180555555555556 0.36180555555555555 0.12361111111111112 0.22708333333333333
2 0.2826388888888889 0.6548611111111111 0.15347222222222223 0.22708333333333333
2 0.40208333333333335 0.5826388888888889 0.2111111111111111 0.1284722222222222
2 0.6416666666666667 0.7618055555555555 0.14444444444444443 0.1736111111111111
2 0.9479166666666666 0.6923611111111111 0.10416666666666667 0.2513888888888889
2 0.8118055555555556 0.575 0.1625 0.1840277777777778
2 0.37222222222222223 0.8208333333333333 0.10347222222222222 0.18055555555555555
2 0.3875 0.9493055555555555 0.14444444444444443 0.10138888888888889
8 0.2875 0.24791666666666667 0.13402777777777777 0.2263888888888889
8 0.18611111111111112 0.29097222222222224 0.20416666666666666 0.18263888888888888
8 0.12291666666666666 0.5291666666666667 0.2 0.19652777777777777
8 0.12152777777777778 0.7423611111111111 0.20208333333333334 0.2388888888888889
8 0.18958333333333333 0.46319444444444446 0.14791666666666667 0.19444444444444445
8 0.47708333333333336 0.24375 0.20069444444444445 0.14722222222222223
8 0.6347222222222222 0.5104166666666666 0.17847222222222223 0.21180555555555555
8 0.7819444444444444 0.30972222222222223 0.1763888888888889 0.11597222222222223
2 0.41041666666666665 0.7069444444444445 0.08680555555555555 0.14930555555555555
8 0.4951388888888889 0.7104166666666667 0.08611111111111111 0.10347222222222222
2 0.8479166666666667 0.7854166666666667 0.15555555555555556 0.10972222222222222
2 0.7409722222222223 0.8180555555555555 0.14791666666666667 0.14930555555555555
2 0.03888888888888889 0.14930555555555555 0.07777777777777778 0.20555555555555555