8 0.3819444444444444 0.42986111111111114 0.2013888888888889 0.2652777777777778
8 0.22152777777777777 0.2652777777777778 0.19166666666666668 0.2298611111111111
8 0.3763888888888889 0.19444444444444445 0.19027777777777777 0.22430555555555556
2 0.2833333333333333 0.08125 0.16875 0.14722222222222223
2 0.5347222222222222 0.8923611111111112 0.13055555555555556 0.2152777777777778
2 0.6513888888888889 0.925 0.14444444444444443 0.14930555555555555
2 0.6208333333333333 0.5729166666666666 0.2 0.3486111111111111
2 0.7659722222222223 0.7243055555555555 0.24097222222222223 0.3138888888888889
2 0.8402777777777778 0.475 0.1701388888888889 0.19236111111111112
2 0.9381944444444444 0.8298611111111112 0.12361111111111112 0.1875
2 0.9506944444444444 0.6715277777777777 0.09861111111111111 0.18125
2 0.84375 0.9347222222222222 0.1597222222222222 0.13055555555555556
2 0.6895833333333333 0.4236111111111111 0.19166666666666668 0.21319444444444444
8 0.8111111111111111 0.6583333333333333 0.1701388888888889 0.22083333333333333
2 0.4479166666666667 0.2375 0.14166666666666666 0.23819444444444443
2 0.5673611111111111 0.29930555555555555 0.18611111111111112 0.24444444444444444