2 0.2604166666666667 0.09652777777777778 0.28125 0.19305555555555556
2 0.32083333333333336 0.28194444444444444 0.22013888888888888 0.19722222222222222
2 0.5527777777777778 0.15208333333333332 0.16666666666666666 0.23055555555555557
2 0.6819444444444445 0.22083333333333333 0.17152777777777778 0.24444444444444444
2 0.5875 0.3472222222222222 0.1875 0.2361111111111111
2 0.6819444444444445 0.5527777777777778 0.1951388888888889 0.2965277777777778
2 0.8034722222222223 0.5680555555555555 0.09722222222222222 0.3138888888888889
8 0.9006944444444445 0.7625 0.1986111111111111 0.25972222222222224
8 0.7131944444444445 0.8527777777777777 0.15069444444444444 0.2701388888888889
8 0.6069444444444444 0.7097222222222223 0.19166666666666668 0.2520833333333333
8 0.5263888888888889 0.6020833333333333 0.20625 0.19930555555555557
8 0.38333333333333336 0.49583333333333335 0.27152777777777776 0.25972222222222224
8 0.46111111111111114 0.26180555555555557 0.15416666666666667 0.24166666666666667