2 0.11805555555555555 0.11597222222222223 0.2152777777777778 0.2298611111111111
2 0.050694444444444445 0.2708333333333333 0.10138888888888889 0.23055555555555557
2 0.052083333333333336 0.475 0.10416666666666667 0.25763888888888886
2 0.18263888888888888 0.55 0.16805555555555557 0.21180555555555555
2 0.15625 0.7111111111111111 0.16458333333333333 0.17083333333333334
2 0.17916666666666667 0.9069444444444444 0.14722222222222223 0.18611111111111112
2 0.36527777777777776 0.9430555555555555 0.20208333333333334 0.11319444444444444
2 0.7097222222222223 0.9347222222222222 0.14444444444444443 0.13055555555555556
2 0.8006944444444445 0.9319444444444445 0.17847222222222223 0.1361111111111111
2 0.8729166666666667 0.7534722222222222 0.15763888888888888 0.19583333333333333
8 0.6416666666666667 0.7013888888888888 0.20277777777777778 0.22916666666666666
8 0.8645833333333334 0.46597222222222223 0.16805555555555557 0.22708333333333333
8 0.7291666666666666 0.5368055555555555 0.2013888888888889 0.21180555555555555
8 0.8708333333333333 0.2708333333333333 0.15833333333333333 0.2326388888888889
8 0.8534722222222222 0.10625 0.1375 0.21041666666666667
8 0.4847222222222222 0.46111111111111114 0.23055555555555557 0.20347222222222222
8 0.4666666666666667 0.33402777777777776 0.17916666666666667 0.15763888888888888
8 0.2361111111111111 0.3173611111111111 0.1486111111111111 0.23472222222222222
8 0.2673611111111111 0.08611111111111111 0.18125 0.17222222222222222
2 0.4166666666666667 0.22847222222222222 0.12361111111111112 0.15555555555555556
8 0.44930555555555557 0.09652777777777778 0.16041666666666668 0.19305555555555556
8 0.5597222222222222 0.1875 0.175 0.21666666666666667
8 0.08472222222222223 0.8201388888888889 0.16875 0.33541666666666664
8 0.5881944444444445 0.8590277777777777 0.20277777777777778 0.24444444444444444
8 0.4326388888888889 0.7611111111111111 0.15555555555555556 0.20555555555555555
8 0.48055555555555557 0.6840277777777778 0.15416666666666667 0.2388888888888889
2 0.31666666666666665 0.49027777777777776 0.17708333333333334 0.1451388888888889
2 0.40208333333333335 0.5388888888888889 0.10347222222222222 0.17708333333333334
2 0.7291666666666666 0.22847222222222222 0.18194444444444444 0.1951388888888889
2 0.6861111111111111 0.06666666666666667 0.17916666666666667 0.13333333333333333
2 0.7402777777777778 0.3784722222222222 0.10694444444444444 0.19444444444444445
8 0.6604166666666667 0.4013888888888889 0.18194444444444444 0.18819444444444444
2 0.6472222222222223 0.2652777777777778 0.15555555555555556 0.13819444444444445