2 0.18263888888888888 0.3229166666666667 0.16805555555555557 0.21458333333333332
2 0.08541666666666667 0.32708333333333334 0.17083333333333334 0.29375
2 0.08402777777777778 0.24583333333333332 0.13125 0.21666666666666667
2 0.0798611111111111 0.5402777777777777 0.15902777777777777 0.19236111111111112
2 0.23958333333333334 0.5881944444444445 0.18055555555555555 0.23055555555555557
8 0.10555555555555556 0.8027777777777778 0.20902777777777778 0.275
8 0.31805555555555554 0.7347222222222223 0.14097222222222222 0.22361111111111112
8 0.40694444444444444 0.6055555555555555 0.17222222222222222 0.38263888888888886
8 0.6375 0.6743055555555556 0.17916666666666667 0.22708333333333333
8 0.9604166666666667 0.39791666666666664 0.07847222222222222 0.22083333333333333
8 0.8347222222222223 0.3416666666666667 0.13958333333333334 0.225
8 0.6861111111111111 0.18333333333333332 0.1597222222222222 0.35138888888888886
8 0.4861111111111111 0.31805555555555554 0.15 0.18472222222222223
8 0.3993055555555556 0.34444444444444444 0.15763888888888888 0.21875
2 0.23194444444444445 0.8944444444444445 0.1736111111111111 0.2111111111111111
2 0.2951388888888889 0.14027777777777778 0.21666666666666667 0.22013888888888888
2 0.20833333333333334 0.08958333333333333 0.2048611111111111 0.17847222222222223
2 0.4125 0.09236111111111112 0.15555555555555556 0.18472222222222223
2 0.5729166666666666 0.1840277777777778 0.08402777777777778 0.2361111111111111
2 0.5125 0.6111111111111112 0.15902777777777777 0.23680555555555555
2 0.5826388888888889 0.9173611111111111 0.19166666666666668 0.16527777777777777
2 0.7333333333333333 0.8777777777777778 0.2361111111111111 0.24444444444444444
2 0.9458333333333333 0.73125 0.10833333333333334 0.20972222222222223
2 0.9138888888888889 0.9041666666666667 0.13125 0.19166666666666668
8 0.8215277777777777 0.8520833333333333 0.17222222222222222 0.29583333333333334
8 0.8381944444444445 0.6409722222222223 0.19444444444444445 0.1597222222222222
8 0.9375 0.5833333333333334 0.125 0.22708333333333333
8 0.55 0.4979166666666667 0.14583333333333334 0.2902777777777778
2 0.6659722222222222 0.4701388888888889 0.11944444444444445 0.22847222222222222