2 0.5402777777777777 0.18194444444444444 0.23402777777777778 0.20555555555555555
2 0.11805555555555555 0.5534722222222223 0.20555555555555555 0.18680555555555556
2 0.2076388888888889 0.8569444444444444 0.1638888888888889 0.2861111111111111
2 0.4361111111111111 0.9444444444444444 0.23055555555555557 0.1111111111111111
2 0.34305555555555556 0.7763888888888889 0.17222222222222222 0.20972222222222223
2 0.9333333333333333 0.6784722222222223 0.13333333333333333 0.21805555555555556
2 0.5451388888888888 0.6145833333333334 0.22430555555555556 0.24375
8 0.525 0.8375 0.2520833333333333 0.31805555555555554
8 0.3326388888888889 0.6409722222222223 0.21944444444444444 0.17291666666666666
8 0.21597222222222223 0.48819444444444443 0.18611111111111112 0.2
8 0.15902777777777777 0.1951388888888889 0.22847222222222222 0.24513888888888888
2 0.29375 0.5041666666666667 0.1763888888888889 0.23819444444444443