8 0.36944444444444446 0.3402777777777778 0.17152777777777778 0.3138888888888889
8 0.5618055555555556 0.3215277777777778 0.22916666666666666 0.23055555555555557
8 0.8555555555555555 0.31875 0.12291666666666666 0.2965277777777778
8 0.88125 0.5027777777777778 0.2375 0.22847222222222222
8 0.86875 0.8722222222222222 0.13402777777777777 0.14027777777777778
8 0.8638888888888889 0.7375 0.14930555555555555 0.17083333333333334
2 0.04791666666666667 0.6256944444444444 0.09583333333333334 0.2076388888888889
2 0.06041666666666667 0.48125 0.12013888888888889 0.28888888888888886
2 0.125 0.7340277777777777 0.16597222222222222 0.3076388888888889
2 0.23402777777777778 0.9041666666666667 0.21805555555555556 0.19166666666666668
2 0.3506944444444444 0.7548611111111111 0.16319444444444445 0.2965277777777778
2 0.22569444444444445 0.7159722222222222 0.14722222222222223 0.19236111111111112
2 0.31319444444444444 0.5902777777777778 0.17083333333333334 0.175
2 0.42986111111111114 0.8784722222222222 0.15486111111111112 0.15347222222222223
2 0.5840277777777778 0.7333333333333333 0.0875 0.22152777777777777
2 0.7763888888888889 0.8395833333333333 0.12013888888888889 0.19236111111111112
2 0.7701388888888889 0.9659722222222222 0.16111111111111112 0.06805555555555555
2 0.7513888888888889 0.21736111111111112 0.18263888888888888 0.29583333333333334
2 0.6104166666666667 0.13055555555555556 0.11597222222222223 0.1875
2 0.37569444444444444 0.1 0.2569444444444444 0.2
2 0.6 0.5263888888888889 0.17847222222222223 0.2111111111111111
2 0.6888888888888889 0.7048611111111112 0.17430555555555555 0.24861111111111112
2 0.7381944444444445 0.6361111111111111 0.15069444444444444 0.19583333333333333
8 0.6611111111111111 0.86875 0.19305555555555556 0.1597222222222222
2 0.16458333333333333 0.5166666666666667 0.16180555555555556 0.16527777777777777
2 0.19791666666666666 0.39444444444444443 0.12083333333333333 0.1673611111111111
2 0.3958333333333333 0.48680555555555555 0.20972222222222223 0.17708333333333334