2 0.36041666666666666 0.11666666666666667 0.19236111111111112 0.23194444444444445
2 0.5 0.11319444444444444 0.15416666666666667 0.2263888888888889
2 0.36736111111111114 0.32013888888888886 0.24027777777777778 0.22083333333333333
2 0.2638888888888889 0.5076388888888889 0.28194444444444444 0.19236111111111112
2 0.49236111111111114 0.5430555555555555 0.11458333333333333 0.20416666666666666
2 0.6138888888888889 0.5826388888888889 0.14166666666666666 0.27708333333333335
2 0.9041666666666667 0.16041666666666668 0.1909722222222222 0.14930555555555555
2 0.9652777777777778 0.5409722222222222 0.06875 0.2076388888888889
2 0.9152777777777777 0.8805555555555555 0.16944444444444445 0.18333333333333332
2 0.5611111111111111 0.7368055555555556 0.12986111111111112 0.18888888888888888
2 0.075 0.9138888888888889 0.12361111111111112 0.17222222222222222
2 0.08402777777777778 0.8027777777777778 0.16666666666666666 0.15763888888888888
2 0.27569444444444446 0.9 0.15416666666666667 0.17083333333333334
2 0.4791666666666667 0.9090277777777778 0.18055555555555555 0.1486111111111111
2 0.20416666666666666 0.95625 0.17291666666666666 0.0875
8 0.2534722222222222 0.7263888888888889 0.17847222222222223 0.27152777777777776
8 0.4375 0.73125 0.22430555555555556 0.1840277777777778
2 0.6388888888888888 0.8305555555555556 0.10833333333333334 0.22708333333333333
8 0.7659722222222223 0.88125 0.21180555555555555 0.2375
8 0.5930555555555556 0.3020833333333333 0.2222222222222222 0.2569444444444444
8 0.9479166666666666 0.33611111111111114 0.10416666666666667 0.24722222222222223
8 0.7381944444444445 0.7166666666666667 0.2 0.27291666666666664