8 0.6965277777777777 0.24583333333333332 0.22013888888888888 0.19027777777777777
8 0.8034722222222223 0.44375 0.19444444444444445 0.2076388888888889
8 0.75625 0.7819444444444444 0.11388888888888889 0.18125
8 0.2652777777777778 0.8618055555555556 0.1486111111111111 0.2763888888888889
8 0.3215277777777778 0.47847222222222224 0.21597222222222223 0.21180555555555555
8 0.3451388888888889 0.32916666666666666 0.1951388888888889 0.2590277777777778
8 0.20208333333333334 0.20277777777777778 0.21666666666666667 0.25972222222222224
2 0.04375 0.35 0.0875 0.14375
8 0.06736111111111111 0.2604166666666667 0.1284722222222222 0.1798611111111111
8 0.49930555555555556 0.5972222222222222 0.24027777777777778 0.20347222222222222
2 0.11041666666666666 0.725 0.1361111111111111 0.1909722222222222
2 0.21875 0.75625 0.11875 0.2076388888888889
2 0.12013888888888889 0.9333333333333333 0.16597222222222222 0.13333333333333333
2 0.4201388888888889 0.9347222222222222 0.07361111111111111 0.13055555555555556
2 0.5069444444444444 0.9284722222222223 0.1284722222222222 0.14305555555555555
2 0.4965277777777778 0.8319444444444445 0.12638888888888888 0.11180555555555556
2 0.55 0.7486111111111111 0.13194444444444445 0.16666666666666666
2 0.64375 0.9333333333333333 0.15763888888888888 0.13333333333333333
2 0.6451388888888889 0.8055555555555556 0.14097222222222222 0.22152777777777777
2 0.7909722222222222 0.9333333333333333 0.18819444444444444 0.13333333333333333
2 0.9166666666666666 0.875 0.16666666666666666 0.25
2 0.9027777777777778 0.7729166666666667 0.19444444444444445 0.1986111111111111
2 0.86875 0.6097222222222223 0.2076388888888889 0.18263888888888888
2 0.6840277777777778 0.5354166666666667 0.1701388888888889 0.2152777777777778
2 0.45 0.2659722222222222 0.18611111111111112 0.25
2 0.9041666666666667 0.28194444444444444 0.1909722222222222 0.275
2 0.1763888888888889 0.4083333333333333 0.20972222222222223 0.28680555555555554