2 0.45902777777777776 0.38472222222222224 0.21388888888888888 0.2263888888888889
2 0.4284722222222222 0.2708333333333333 0.1673611111111111 0.2013888888888889
2 0.3902777777777778 0.10972222222222222 0.15 0.21944444444444444
2 0.27569444444444446 0.24513888888888888 0.18333333333333332 0.22708333333333333
2 0.6680555555555555 0.36875 0.21180555555555555 0.18819444444444444
2 0.7041666666666667 0.2708333333333333 0.1625 0.19375
2 0.5805555555555556 0.48194444444444445 0.22152777777777777 0.2
2 0.3638888888888889 0.46944444444444444 0.1736111111111111 0.15555555555555556
2 0.275 0.4895833333333333 0.12916666666666668 0.20208333333333334
2 0.15902777777777777 0.7625 0.1951388888888889 0.12916666666666668
8 0.06527777777777778 0.5159722222222223 0.12986111111111112 0.22291666666666668
2 0.11458333333333333 0.34930555555555554 0.15416666666666667 0.12291666666666666
2 0.4444444444444444 0.7458333333333333 0.14930555555555555 0.2013888888888889
2 0.5993055555555555 0.675 0.1673611111111111 0.19583333333333333
2 0.6756944444444445 0.7451388888888889 0.14444444444444443 0.1597222222222222
2 0.6986111111111111 0.9013888888888889 0.13541666666666666 0.17291666666666666
2 0.7840277777777778 0.9069444444444444 0.1763888888888889 0.18611111111111112
2 0.49722222222222223 0.9444444444444444 0.125 0.1111111111111111
2 0.31319444444444444 0.9138888888888889 0.16666666666666666 0.17222222222222222
2 0.18125 0.9319444444444445 0.19027777777777777 0.1361111111111111
8 0.33819444444444446 0.8576388888888888 0.15694444444444444 0.19027777777777777
8 0.3388888888888889 0.6868055555555556 0.1736111111111111 0.18055555555555555
8 0.4340277777777778 0.5777777777777777 0.2076388888888889 0.19583333333333333
8 0.7631944444444444 0.5527777777777778 0.2013888888888889 0.18472222222222223
8 0.9166666666666666 0.6840277777777778 0.16666666666666666 0.18125
8 0.9027777777777778 0.9104166666666667 0.13958333333333334 0.17847222222222223
8 0.9527777777777777 0.9270833333333334 0.09444444444444444 0.14583333333333334
2 0.575 0.16041666666666668 0.13819444444444445 0.24027777777777778
8 0.16111111111111112 0.19027777777777777 0.16875 0.1763888888888889
8 0.26666666666666666 0.04791666666666667 0.17222222222222222 0.09583333333333334