2 0.18472222222222223 0.15486111111111112 0.21180555555555555 0.20347222222222222
2 0.30625 0.5930555555555556 0.2298611111111111 0.19444444444444445
2 0.07916666666666666 0.5618055555555556 0.11805555555555555 0.17083333333333334
2 0.03819444444444445 0.5486111111111112 0.06944444444444445 0.1840277777777778
2 0.4534722222222222 0.4826388888888889 0.21180555555555555 0.22083333333333333
2 0.6611111111111111 0.5479166666666667 0.19722222222222222 0.22083333333333333
2 0.7868055555555555 0.7840277777777778 0.1798611111111111 0.21180555555555555
2 0.9361111111111111 0.81875 0.12777777777777777 0.19027777777777777
2 0.7375 0.4284722222222222 0.19375 0.3597222222222222
2 0.7965277777777777 0.32222222222222224 0.16041666666666668 0.17291666666666666
2 0.6958333333333333 0.14444444444444443 0.2125 0.16458333333333333
8 0.8305555555555556 0.17569444444444443 0.1701388888888889 0.25763888888888886
8 0.9555555555555556 0.1986111111111111 0.08819444444444445 0.2590277777777778
8 0.5368055555555555 0.125 0.2076388888888889 0.25
8 0.8736111111111111 0.50625 0.18263888888888888 0.20347222222222222