2 0.8222222222222222 0.04513888888888889 0.20694444444444443 0.08888888888888889
2 0.6819444444444445 0.16666666666666666 0.14583333333333334 0.18819444444444444
8 0.7423611111111111 0.46111111111111114 0.1451388888888889 0.2423611111111111
2 0.7284722222222222 0.28402777777777777 0.12708333333333333 0.18819444444444444
2 0.4395833333333333 0.2125 0.23333333333333334 0.22708333333333333
2 0.5381944444444444 0.15 0.11319444444444444 0.16111111111111112
2 0.09375 0.24791666666666667 0.18680555555555556 0.23958333333333334
8 0.18055555555555555 0.4111111111111111 0.13958333333333334 0.16875
2 0.19791666666666666 0.26666666666666666 0.15416666666666667 0.21875
2 0.3076388888888889 0.41875 0.15486111111111112 0.20972222222222223
2 0.48819444444444443 0.5638888888888889 0.14930555555555555 0.1361111111111111
2 0.6145833333333334 0.7451388888888889 0.19236111111111112 0.25069444444444444
2 0.6263888888888889 0.5708333333333333 0.14305555555555555 0.19583333333333333
2 0.7895833333333333 0.7604166666666666 0.19652777777777777 0.1638888888888889
2 0.7840277777777778 0.6569444444444444 0.18888888888888888 0.15902777777777777
2 0.18125 0.6409722222222223 0.2 0.2638888888888889
2 0.034027777777777775 0.675 0.06805555555555555 0.13055555555555556
2 0.10833333333333334 0.70625 0.14722222222222223 0.1597222222222222
2 0.07847222222222222 0.9465277777777777 0.15138888888888888 0.10694444444444444
2 0.06111111111111111 0.8701388888888889 0.12152777777777778 0.13055555555555556
2 0.19583333333333333 0.9368055555555556 0.15138888888888888 0.12638888888888888
2 0.32222222222222224 0.90625 0.15902777777777777 0.17569444444444443
2 0.6916666666666667 0.8770833333333333 0.175 0.13819444444444445
8 0.8381944444444445 0.9395833333333333 0.16527777777777777 0.12083333333333333
2 0.7798611111111111 0.9138888888888889 0.1125 0.1388888888888889
2 0.36041666666666666 0.7388888888888889 0.14375 0.09444444444444444
2 0.4409722222222222 0.8270833333333333 0.17222222222222222 0.21319444444444444
2 0.25763888888888886 0.7930555555555555 0.1673611111111111 0.1638888888888889
2 0.1625 0.8513888888888889 0.1375 0.17708333333333334
2 0.04722222222222222 0.45902777777777776 0.09375 0.12916666666666668
8 0.04513888888888889 0.10902777777777778 0.09027777777777778 0.19027777777777777
8 0.5520833333333334 0.3625 0.2 0.20902777777777778
8 0.9118055555555555 0.8548611111111111 0.1763888888888889 0.17083333333333334
8 0.9409722222222222 0.69375 0.11805555555555555 0.1361111111111111
8 0.9506944444444444 0.9527777777777777 0.09861111111111111 0.09375
8 0.9069444444444444 0.33958333333333335 0.1673611111111111 0.18194444444444444