2 0.11527777777777778 0.1076388888888889 0.10138888888888889 0.18055555555555555
2 0.22291666666666668 0.13125 0.1361111111111111 0.2076388888888889
2 0.06041666666666667 0.3506944444444444 0.12013888888888889 0.19791666666666666
2 0.12986111111111112 0.3284722222222222 0.12638888888888888 0.17291666666666666
2 0.28125 0.5868055555555556 0.14027777777777778 0.23402777777777778
2 0.05694444444444444 0.6993055555555555 0.11319444444444444 0.225
8 0.44513888888888886 0.47847222222222224 0.20555555555555555 0.17291666666666666
2 0.42291666666666666 0.32013888888888886 0.0875 0.18958333333333333
2 0.5173611111111112 0.2013888888888889 0.12986111111111112 0.11458333333333333
2 0.5652777777777778 0.12361111111111112 0.14791666666666667 0.16666666666666666
2 0.6548611111111111 0.18611111111111112 0.12152777777777778 0.21458333333333332
2 0.5638888888888889 0.37222222222222223 0.08194444444444444 0.2076388888888889
2 0.5583333333333333 0.38472222222222224 0.1486111111111111 0.2
2 0.4527777777777778 0.7361111111111112 0.19652777777777777 0.2076388888888889
2 0.38958333333333334 0.51875 0.1284722222222222 0.14375
2 0.5722222222222222 0.5291666666666667 0.09791666666666667 0.17083333333333334
2 0.6493055555555556 0.46597222222222223 0.12986111111111112 0.22708333333333333
2 0.6458333333333334 0.3326388888888889 0.11319444444444444 0.15555555555555556
2 0.7131944444444445 0.3923611111111111 0.07291666666666667 0.09305555555555556
2 0.7513888888888889 0.33125 0.09097222222222222 0.09375
2 0.8048611111111111 0.38819444444444445 0.09861111111111111 0.1625
2 0.8847222222222222 0.16875 0.2298611111111111 0.23194444444444445
2 0.9284722222222223 0.25763888888888886 0.14305555555555555 0.2263888888888889
2 0.8541666666666666 0.4583333333333333 0.11041666666666666 0.13958333333333334
2 0.9472222222222222 0.5090277777777777 0.10555555555555556 0.1375
2 0.5631944444444444 0.7145833333333333 0.13333333333333333 0.1638888888888889
2 0.6527777777777778 0.7486111111111111 0.12222222222222222 0.18680555555555556
2 0.7513888888888889 0.8527777777777777 0.12013888888888889 0.13472222222222222
2 0.8576388888888888 0.8104166666666667 0.1125 0.18611111111111112
2 0.9444444444444444 0.7243055555555555 0.0798611111111111 0.11875
2 0.6631944444444444 0.6048611111111111 0.13402777777777777 0.12708333333333333
2 0.7229166666666667 0.6395833333333333 0.12152777777777778 0.18888888888888888
2 0.4840277777777778 0.5902777777777778 0.16041666666666668 0.18263888888888888
8 0.2708333333333333 0.25555555555555554 0.13472222222222222 0.3138888888888889
8 0.7694444444444445 0.15 0.1361111111111111 0.20069444444444445