2 0.12569444444444444 0.3763888888888889 0.1423611111111111 0.21666666666666667
2 0.2826388888888889 0.40555555555555556 0.17291666666666666 0.1840277777777778
2 0.23402777777777778 0.34375 0.09513888888888888 0.2298611111111111
2 0.18541666666666667 0.5333333333333333 0.17847222222222223 0.18472222222222223
2 0.19791666666666666 0.7451388888888889 0.1638888888888889 0.21180555555555555
2 0.5631944444444444 0.6916666666666667 0.14305555555555555 0.1840277777777778
2 0.7868055555555555 0.7680555555555556 0.14097222222222222 0.24444444444444444
2 0.9277777777777778 0.7569444444444444 0.14444444444444443 0.20972222222222223
2 0.8958333333333334 0.6854166666666667 0.13472222222222222 0.1840277777777778
2 0.8013888888888889 0.08611111111111111 0.20555555555555555 0.17222222222222222
2 0.86875 0.2673611111111111 0.15347222222222223 0.2652777777777778
2 0.8527777777777777 0.23055555555555557 0.10694444444444444 0.13958333333333334
2 0.8736111111111111 0.12777777777777777 0.14930555555555555 0.14930555555555555
2 0.6381944444444444 0.36944444444444446 0.13194444444444445 0.1701388888888889
2 0.5118055555555555 0.24513888888888888 0.18263888888888888 0.175
2 0.6201388888888889 0.1798611111111111 0.16458333333333333 0.22777777777777777
2 0.5333333333333333 0.14652777777777778 0.16666666666666666 0.18611111111111112
2 0.37916666666666665 0.11666666666666667 0.16180555555555556 0.22430555555555556
2 0.3423611111111111 0.3263888888888889 0.19027777777777777 0.11666666666666667
2 0.38125 0.5326388888888889 0.15486111111111112 0.15138888888888888
2 0.7666666666666667 0.2659722222222222 0.17847222222222223 0.19791666666666666
8 0.9555555555555556 0.09375 0.08819444444444445 0.13958333333333334
8 0.21458333333333332 0.15138888888888888 0.20208333333333334 0.2152777777777778
8 0.7166666666666667 0.5659722222222222 0.15763888888888888 0.24444444444444444
2 0.4708333333333333 0.5729166666666666 0.17777777777777778 0.21875
2 0.4895833333333333 0.3972222222222222 0.09791666666666667 0.12777777777777777
2 0.5590277777777778 0.5159722222222223 0.16944444444444445 0.13194444444444445