8 0.7409722222222223 0.22777777777777777 0.20069444444444445 0.16666666666666666
8 0.8465277777777778 0.41875 0.1875 0.2361111111111111
8 0.3611111111111111 0.45555555555555555 0.22777777777777777 0.21875
8 0.8013888888888889 0.7555555555555555 0.13680555555555557 0.2
8 0.3194444444444444 0.8548611111111111 0.14444444444444443 0.2902777777777778
2 0.05347222222222222 0.725 0.10694444444444444 0.20416666666666666
2 0.06805555555555555 0.3368055555555556 0.1361111111111111 0.11805555555555555
2 0.23125 0.39375 0.2263888888888889 0.2902777777777778
2 0.09027777777777778 0.2423611111111111 0.1736111111111111 0.18958333333333333
2 0.2548611111111111 0.19930555555555557 0.20555555555555555 0.2534722222222222
8 0.4083333333333333 0.31875 0.14583333333333334 0.2708333333333333
2 0.5 0.25763888888888886 0.15833333333333333 0.2326388888888889
2 0.15763888888888888 0.6986111111111111 0.12361111111111112 0.21736111111111112
2 0.18055555555555555 0.9201388888888888 0.12013888888888889 0.15902777777777777
2 0.2604166666666667 0.7458333333333333 0.12361111111111112 0.2013888888888889
2 0.47430555555555554 0.9236111111111112 0.08819444444444445 0.1527777777777778
2 0.5590277777777778 0.9173611111111111 0.125 0.16527777777777777
2 0.5888888888888889 0.7458333333333333 0.18541666666666667 0.18819444444444444
2 0.5541666666666667 0.8145833333333333 0.13472222222222222 0.11666666666666667
2 0.6236111111111111 0.9430555555555555 0.07916666666666666 0.11319444444444444
2 0.7111111111111111 0.9465277777777777 0.09722222222222222 0.10694444444444444
2 0.8069444444444445 0.9298611111111111 0.1388888888888889 0.14027777777777778
2 0.9118055555555555 0.7611111111111111 0.1763888888888889 0.20555555555555555
2 0.7291666666666666 0.5215277777777778 0.1527777777777778 0.19444444444444445
2 0.9409722222222222 0.2923611111111111 0.11805555555555555 0.31527777777777777
2 0.9118055555555555 0.5923611111111111 0.1673611111111111 0.18680555555555556
2 0.6944444444444444 0.7652777777777777 0.11736111111111111 0.24583333333333332
8 0.5423611111111111 0.5756944444444444 0.25833333333333336 0.19930555555555557
2 0.07847222222222222 0.9368055555555556 0.15138888888888888 0.12638888888888888