2 0.6270833333333333 0.09236111111111112 0.1986111111111111 0.18472222222222223
2 0.8055555555555556 0.18333333333333332 0.14930555555555555 0.2076388888888889
2 0.8451388888888889 0.10486111111111111 0.1798611111111111 0.18194444444444444
2 0.7694444444444445 0.2916666666666667 0.14583333333333334 0.16458333333333333
2 0.8923611111111112 0.4513888888888889 0.18680555555555556 0.12638888888888888
2 0.9333333333333333 0.26875 0.13333333333333333 0.17083333333333334
2 0.7819444444444444 0.9041666666666667 0.22916666666666666 0.19166666666666668
2 0.8673611111111111 0.8625 0.1361111111111111 0.1284722222222222
2 0.5965277777777778 0.9138888888888889 0.2152777777777778 0.17222222222222222
2 0.6034722222222222 0.7416666666666667 0.1951388888888889 0.17916666666666667
2 0.48541666666666666 0.7243055555555555 0.17777777777777778 0.1840277777777778
2 0.5201388888888889 0.60625 0.1986111111111111 0.12986111111111112
8 0.3375 0.5965277777777778 0.25833333333333336 0.21388888888888888
2 0.3902777777777778 0.5472222222222223 0.12430555555555556 0.21319444444444444
2 0.3125 0.41805555555555557 0.19444444444444445 0.24166666666666667
2 0.17291666666666666 0.3645833333333333 0.20694444444444443 0.21319444444444444
2 0.09375 0.16458333333333333 0.17083333333333334 0.19722222222222222
2 0.32916666666666666 0.12430555555555556 0.20277777777777778 0.24791666666666667
2 0.4618055555555556 0.19236111111111112 0.1597222222222222 0.22013888888888888
2 0.48333333333333334 0.3472222222222222 0.11041666666666666 0.17083333333333334
2 0.6479166666666667 0.49027777777777776 0.22013888888888888 0.26180555555555557
2 0.7770833333333333 0.5215277777777778 0.12152777777777778 0.16875
2 0.24791666666666667 0.7854166666666667 0.17708333333333334 0.28680555555555554
8 0.11597222222222223 0.8944444444444445 0.13819444444444445 0.2111111111111111
8 0.15347222222222223 0.6611111111111111 0.1638888888888889 0.1673611111111111
8 0.2013888888888889 0.5423611111111111 0.15694444444444444 0.15763888888888888
2 0.04513888888888889 0.7111111111111111 0.08819444444444445 0.2361111111111111
2 0.049305555555555554 0.6013888888888889 0.09861111111111111 0.09444444444444444
2 0.058333333333333334 0.49027777777777776 0.11666666666666667 0.15763888888888888
2 0.6819444444444445 0.23194444444444445 0.16527777777777777 0.21458333333333332