8 0.2875 0.4597222222222222 0.24166666666666667 0.21458333333333332
2 0.2222222222222222 0.31875 0.21319444444444444 0.19236111111111112
2 0.5520833333333334 0.8840277777777777 0.22916666666666666 0.21597222222222223
2 0.15902777777777777 0.8180555555555555 0.21875 0.16944444444444445
2 0.2513888888888889 0.6125 0.19305555555555556 0.16875
2 0.2902777777777778 0.6368055555555555 0.15833333333333333 0.16458333333333333
2 0.73125 0.5576388888888889 0.20625 0.18819444444444444
2 0.8625 0.7659722222222223 0.18472222222222223 0.21388888888888888
8 0.7638888888888888 0.9069444444444444 0.21388888888888888 0.18611111111111112
2 0.7784722222222222 0.8006944444444445 0.17777777777777778 0.20555555555555555
2 0.5458333333333333 0.25555555555555554 0.18680555555555556 0.18958333333333333
8 0.7527777777777778 0.30069444444444443 0.21944444444444444 0.25416666666666665
2 0.7666666666666667 0.3951388888888889 0.17847222222222223 0.14375
2 0.39444444444444443 0.23472222222222222 0.22569444444444445 0.2520833333333333
2 0.36666666666666664 0.041666666666666664 0.22916666666666666 0.08333333333333333
2 0.2638888888888889 0.9444444444444444 0.18055555555555555 0.1111111111111111
8 0.6159722222222223 0.6638888888888889 0.2152777777777778 0.19236111111111112
8 0.5715277777777777 0.5645833333333333 0.15486111111111112 0.19583333333333333
8 0.4340277777777778 0.6013888888888889 0.17847222222222223 0.20416666666666666
8 0.9215277777777777 0.42916666666666664 0.15694444444444444 0.20555555555555555
8 0.8368055555555556 0.4638888888888889 0.17777777777777778 0.1840277777777778
8 0.8972222222222223 0.6402777777777777 0.20555555555555555 0.17847222222222223
2 0.35833333333333334 0.8034722222222223 0.25625 0.18611111111111112
2 0.14722222222222223 0.6694444444444444 0.19027777777777777 0.2423611111111111
2 0.1375 0.4875 0.20972222222222223 0.15902777777777777