2 0.25555555555555554 0.25277777777777777 0.2111111111111111 0.19027777777777777
2 0.03958333333333333 0.5868055555555556 0.07916666666666666 0.16875
2 0.06666666666666667 0.4708333333333333 0.12638888888888888 0.19166666666666668
8 0.1951388888888889 0.37430555555555556 0.18819444444444444 0.23819444444444443
2 0.2673611111111111 0.4388888888888889 0.09861111111111111 0.14722222222222223
2 0.5083333333333333 0.7715277777777778 0.1701388888888889 0.20625
2 0.6798611111111111 0.7631944444444444 0.14652777777777778 0.1840277777777778
2 0.8256944444444444 0.30972222222222223 0.13125 0.11597222222222223
2 0.8527777777777777 0.1840277777777778 0.22013888888888888 0.15069444444444444
2 0.7180555555555556 0.05694444444444444 0.13541666666666666 0.11388888888888889
2 0.4625 0.4041666666666667 0.22013888888888888 0.10902777777777778
2 0.42569444444444443 0.29444444444444445 0.15069444444444444 0.1375
8 0.8895833333333333 0.5576388888888889 0.13680555555555557 0.22708333333333333
2 0.9333333333333333 0.39305555555555555 0.13333333333333333 0.225
2 0.31180555555555556 0.052083333333333336 0.1597222222222222 0.10416666666666667
8 0.4847222222222222 0.07916666666666666 0.225 0.15625
8 0.5652777777777778 0.27291666666666664 0.20625 0.22430555555555556
2 0.7208333333333333 0.2972222222222222 0.17152777777777778 0.24027777777777778
8 0.5638888888888889 0.4986111111111111 0.14444444444444443 0.175
8 0.4173611111111111 0.5722222222222222 0.19305555555555556 0.18472222222222223
8 0.20555555555555555 0.5819444444444445 0.21944444444444444 0.11319444444444444
8 0.7770833333333333 0.6118055555555556 0.1701388888888889 0.25763888888888886
2 0.8409722222222222 0.7631944444444444 0.18611111111111112 0.15
2 0.9680555555555556 0.9152777777777777 0.06388888888888888 0.16875