8 0.8958333333333334 0.09027777777777778 0.10555555555555556 0.18055555555555555
8 0.8951388888888889 0.7493055555555556 0.1284722222222222 0.19444444444444445
8 0.9631944444444445 0.7611111111111111 0.07361111111111111 0.2111111111111111
8 0.80625 0.9138888888888889 0.1798611111111111 0.17222222222222222
8 0.7826388888888889 0.6048611111111111 0.10347222222222222 0.12708333333333333
8 0.8770833333333333 0.5868055555555556 0.11666666666666667 0.18194444444444444
8 0.8395833333333333 0.4340277777777778 0.12986111111111112 0.12291666666666666
2 0.5923611111111111 0.7222222222222222 0.16805555555555557 0.17916666666666667
8 0.5826388888888889 0.6201388888888889 0.13333333333333333 0.14444444444444443
2 0.0625 0.7805555555555556 0.125 0.22361111111111112
2 0.15902777777777777 0.6715277777777777 0.18541666666666667 0.2152777777777778
2 0.10416666666666667 0.5527777777777778 0.20833333333333334 0.11458333333333333
2 0.17708333333333334 0.49375 0.14305555555555555 0.125
2 0.25833333333333336 0.65 0.12013888888888889 0.22361111111111112
2 0.3993055555555556 0.6548611111111111 0.1423611111111111 0.16180555555555556
2 0.4111111111111111 0.8895833333333333 0.13125 0.09652777777777778
2 0.45 0.7986111111111112 0.16666666666666666 0.15625
2 0.6895833333333333 0.7951388888888888 0.1076388888888889 0.10347222222222222
2 0.4986111111111111 0.6541666666666667 0.12152777777777778 0.18611111111111112
2 0.35555555555555557 0.5180555555555556 0.19652777777777777 0.1625
2 0.2152777777777778 0.34444444444444444 0.16111111111111112 0.21875
2 0.3145833333333333 0.20625 0.2326388888888889 0.24027777777777778
2 0.17916666666666667 0.07916666666666666 0.15625 0.12986111111111112
2 0.07361111111111111 0.06875 0.14722222222222223 0.1375
2 0.049305555555555554 0.2652777777777778 0.09861111111111111 0.17777777777777778
2 0.5027777777777778 0.3013888888888889 0.1451388888888889 0.1451388888888889
8 0.4270833333333333 0.41944444444444445 0.1736111111111111 0.19166666666666668
2 0.7895833333333333 0.17569444444444443 0.16111111111111112 0.1798611111111111
2 0.6048611111111111 0.5361111111111111 0.15347222222222223 0.11319444444444444
2 0.6006944444444444 0.4111111111111111 0.10069444444444445 0.16875
2 0.6694444444444444 0.41944444444444445 0.12152777777777778 0.11319444444444444
2 0.7152777777777778 0.37083333333333335 0.07569444444444444 0.16666666666666666
2 0.7798611111111111 0.3625 0.08333333333333333 0.14930555555555555
2 0.7625 0.5270833333333333 0.2 0.08819444444444445