2 0.55625 0.08472222222222223 0.15902777777777777 0.16666666666666666
2 0.2465277777777778 0.059722222222222225 0.14583333333333334 0.11944444444444445
2 0.1486111111111111 0.08680555555555555 0.14444444444444443 0.15833333333333333
2 0.17083333333333334 0.32222222222222224 0.17847222222222223 0.225
2 0.59375 0.44375 0.1361111111111111 0.15555555555555556
2 0.6770833333333334 0.3597222222222222 0.09722222222222222 0.17083333333333334
2 0.8298611111111112 0.4152777777777778 0.1840277777777778 0.19027777777777777
2 0.8645833333333334 0.3090277777777778 0.1840277777777778 0.2125
2 0.8097222222222222 0.18125 0.12777777777777777 0.17777777777777778
2 0.9430555555555555 0.6416666666666667 0.11388888888888889 0.16111111111111112
2 0.8319444444444445 0.875 0.125 0.17291666666666666
2 0.48541666666666666 0.7180555555555556 0.12916666666666668 0.15763888888888888
2 0.41388888888888886 0.9590277777777778 0.10555555555555556 0.08194444444444444
2 0.10625 0.95625 0.1909722222222222 0.0875
2 0.03194444444444444 0.7833333333333333 0.06388888888888888 0.18611111111111112
8 0.21597222222222223 0.8722222222222222 0.2111111111111111 0.2
2 0.17777777777777778 0.73125 0.21319444444444444 0.11875
2 0.5701388888888889 0.6770833333333334 0.12222222222222222 0.18680555555555556
2 0.6854166666666667 0.9395833333333333 0.14027777777777778 0.12083333333333333
2 0.9263888888888889 0.9347222222222222 0.14722222222222223 0.13055555555555556
2 0.3875 0.21597222222222223 0.20694444444444443 0.1951388888888889
2 0.4513888888888889 0.24791666666666667 0.15416666666666667 0.18194444444444444
2 0.06666666666666667 0.39791666666666664 0.13333333333333333 0.16875
2 0.043055555555555555 0.06527777777777778 0.08611111111111111 0.13055555555555556
8 0.5715277777777777 0.2916666666666667 0.21388888888888888 0.2298611111111111
2 0.4423611111111111 0.49583333333333335 0.10694444444444444 0.22083333333333333
8 0.5298611111111111 0.5597222222222222 0.10555555555555556 0.14027777777777778
8 0.37083333333333335 0.675 0.17291666666666666 0.2611111111111111
2 0.38055555555555554 0.4826388888888889 0.13402777777777777 0.18194444444444444
2 0.9194444444444444 0.5506944444444445 0.1388888888888889 0.14166666666666666
2 0.75625 0.7618055555555555 0.07083333333333333 0.18680555555555556
8 0.65625 0.7694444444444445 0.13472222222222222 0.1763888888888889
2 0.7381944444444445 0.6333333333333333 0.07291666666666667 0.19652777777777777
2 0.8194444444444444 0.5506944444444445 0.18680555555555556 0.0763888888888889
2 0.6770833333333334 0.6145833333333334 0.10694444444444444 0.14722222222222223
8 0.41458333333333336 0.041666666666666664 0.18819444444444444 0.08333333333333333