2 0.3277777777777778 0.19930555555555557 0.14097222222222222 0.17569444444444443
2 0.15138888888888888 0.24166666666666667 0.19791666666666666 0.16875
2 0.12291666666666666 0.09861111111111111 0.14097222222222222 0.16875
2 0.5965277777777778 0.2881944444444444 0.25416666666666665 0.22291666666666668
2 0.91875 0.35625 0.1625 0.22916666666666666
2 0.8875 0.5652777777777778 0.225 0.19027777777777777
2 0.7506944444444444 0.5020833333333333 0.1673611111111111 0.15555555555555556
2 0.5680555555555555 0.49375 0.17222222222222222 0.15138888888888888
2 0.6840277777777778 0.6513888888888889 0.20972222222222223 0.16111111111111112
2 0.9326388888888889 0.7604166666666666 0.13472222222222222 0.1638888888888889
2 0.74375 0.8076388888888889 0.2111111111111111 0.16875
2 0.5284722222222222 0.8201388888888889 0.2013888888888889 0.15347222222222223
2 0.5388888888888889 0.6909722222222222 0.15833333333333333 0.15555555555555556
2 0.4083333333333333 0.5166666666666667 0.2048611111111111 0.17847222222222223
2 0.4375 0.3548611111111111 0.16944444444444445 0.14722222222222223
2 0.39305555555555555 0.6888888888888889 0.15416666666666667 0.17708333333333334
2 0.3923611111111111 0.8923611111111112 0.17916666666666667 0.2152777777777778
2 0.9618055555555556 0.9236111111111112 0.0763888888888889 0.1527777777777778
2 0.24375 0.7465277777777778 0.24722222222222223 0.13055555555555556
2 0.03958333333333333 0.5354166666666667 0.07916666666666666 0.17083333333333334
2 0.02847222222222222 0.4270833333333333 0.05694444444444444 0.08402777777777778
2 0.10416666666666667 0.48333333333333334 0.14305555555555555 0.13194444444444445
8 0.28125 0.44930555555555557 0.2048611111111111 0.18680555555555556
8 0.23472222222222222 0.6444444444444445 0.17083333333333334 0.15347222222222223
2 0.2534722222222222 0.9069444444444444 0.08541666666666667 0.07916666666666666
8 0.6680555555555555 0.9284722222222223 0.20625 0.14305555555555555