2 0.8979166666666667 0.8347222222222223 0.19791666666666666 0.2152777777777778
2 0.75625 0.6194444444444445 0.14930555555555555 0.15
8 0.8131944444444444 0.5090277777777777 0.23402777777777778 0.16319444444444445
2 0.7604166666666666 0.40902777777777777 0.15763888888888888 0.1125
2 0.6305555555555555 0.4638888888888889 0.2 0.1111111111111111
2 0.6826388888888889 0.6791666666666667 0.14791666666666667 0.13958333333333334
2 0.5611111111111111 0.7951388888888888 0.16875 0.1423611111111111
2 0.5784722222222223 0.6763888888888889 0.12083333333333333 0.14583333333333334
2 0.5270833333333333 0.2263888888888889 0.2076388888888889 0.16458333333333333
2 0.6555555555555556 0.05347222222222222 0.17222222222222222 0.10694444444444444
8 0.7041666666666667 0.28055555555555556 0.2111111111111111 0.16875
2 0.6993055555555555 0.17222222222222222 0.14652777777777778 0.17291666666666666
2 0.47638888888888886 0.10069444444444445 0.18541666666666667 0.14722222222222223
2 0.5284722222222222 0.12708333333333333 0.14305555555555555 0.13402777777777777
2 0.28680555555555554 0.15138888888888888 0.11875 0.1451388888888889
2 0.28888888888888886 0.04722222222222222 0.12152777777777778 0.09444444444444444
2 0.3527777777777778 0.41180555555555554 0.13333333333333333 0.11875
2 0.36527777777777776 0.2659722222222222 0.14375 0.12013888888888889
8 0.08819444444444445 0.7625 0.12569444444444444 0.09027777777777778
8 0.09861111111111111 0.6715277777777777 0.11805555555555555 0.10347222222222222
2 0.13402777777777777 0.59375 0.15416666666666667 0.1111111111111111
2 0.11944444444444445 0.5145833333333333 0.10555555555555556 0.08263888888888889
2 0.1909722222222222 0.5083333333333333 0.11180555555555556 0.12222222222222222
2 0.13333333333333333 0.42986111111111114 0.12361111111111112 0.09583333333333334
8 0.17916666666666667 0.78125 0.09722222222222222 0.14791666666666667
2 0.19791666666666666 0.6840277777777778 0.13055555555555556 0.11666666666666667
8 0.5333333333333333 0.9555555555555556 0.08819444444444445 0.07291666666666667
8 0.7340277777777777 0.7854166666666667 0.1625 0.1361111111111111
8 0.91875 0.5277777777777778 0.1625 0.1111111111111111
2 0.4041666666666667 0.5006944444444444 0.18125 0.12777777777777777
2 0.4222222222222222 0.39444444444444443 0.13472222222222222 0.11041666666666666
8 0.3958333333333333 0.3590277777777778 0.09236111111111112 0.06458333333333334
8 0.12708333333333333 0.36875 0.07152777777777777 0.07083333333333333
8 0.21180555555555555 0.26875 0.17777777777777778 0.11875
8 0.08472222222222223 0.20694444444444443 0.12361111111111112 0.15138888888888888
8 0.6118055555555556 0.375 0.18472222222222223 0.14930555555555555
2 0.4076388888888889 0.7847222222222222 0.15416666666666667 0.15416666666666667
2 0.9201388888888888 0.22361111111111112 0.15902777777777777 0.19722222222222222
2 0.31319444444444444 0.8951388888888889 0.1375 0.1673611111111111
2 0.6131944444444445 0.91875 0.13055555555555556 0.1423611111111111
8 0.49444444444444446 0.5451388888888888 0.09791666666666667 0.15138888888888888