2 0.8756944444444444 0.3909722222222222 0.1486111111111111 0.2
2 0.9006944444444445 0.23819444444444443 0.1736111111111111 0.14930555555555555
2 0.7125 0.25555555555555554 0.13402777777777777 0.1451388888888889
2 0.5534722222222223 0.2826388888888889 0.18194444444444444 0.14722222222222223
2 0.5986111111111111 0.1840277777777778 0.18472222222222223 0.15833333333333333
2 0.6486111111111111 0.4263888888888889 0.20625 0.19375
2 0.6583333333333333 0.6618055555555555 0.21597222222222223 0.175
2 0.55 0.6180555555555556 0.11666666666666667 0.14027777777777778
2 0.475 0.6743055555555556 0.1527777777777778 0.18819444444444444
2 0.35625 0.43194444444444446 0.15902777777777777 0.17847222222222223
2 0.3125 0.2833333333333333 0.12986111111111112 0.1284722222222222
2 0.06875 0.4097222222222222 0.1375 0.16111111111111112
2 0.075 0.29375 0.14930555555555555 0.22083333333333333
2 0.07222222222222222 0.23194444444444445 0.14444444444444443 0.12361111111111112
2 0.19583333333333333 0.08333333333333333 0.15138888888888888 0.16458333333333333
2 0.3423611111111111 0.07916666666666666 0.1486111111111111 0.15833333333333333
2 0.46805555555555556 0.5354166666666667 0.14375 0.17083333333333334
8 0.06319444444444444 0.08333333333333333 0.12638888888888888 0.14652777777777778
2 0.2048611111111111 0.2826388888888889 0.11041666666666666 0.14722222222222223
8 0.40555555555555556 0.22777777777777777 0.15069444444444444 0.15347222222222223
8 0.47152777777777777 0.12222222222222222 0.11666666666666667 0.15694444444444444
8 0.42569444444444443 0.07222222222222222 0.13680555555555557 0.12986111111111112
8 0.8208333333333333 0.5625 0.16041666666666668 0.1597222222222222
8 0.33194444444444443 0.58125 0.17430555555555555 0.13194444444444445
2 0.20972222222222223 0.4708333333333333 0.13958333333333334 0.20416666666666666
8 0.19583333333333333 0.9006944444444445 0.16458333333333333 0.19791666666666666
8 0.34375 0.8625 0.15833333333333333 0.21180555555555555
2 0.9458333333333333 0.8958333333333334 0.10833333333333334 0.16180555555555556
2 0.5159722222222223 0.9368055555555556 0.24375 0.12638888888888888