2 0.8625 0.2826388888888889 0.175 0.17291666666666666
2 0.9284722222222223 0.4979166666666667 0.14305555555555555 0.2513888888888889
2 0.8416666666666667 0.5333333333333333 0.1638888888888889 0.16666666666666666
2 0.90625 0.9298611111111111 0.15694444444444444 0.14027777777777778
2 0.8006944444444445 0.6965277777777777 0.14930555555555555 0.18680555555555556
2 0.20416666666666666 0.18958333333333333 0.18263888888888888 0.12986111111111112
2 0.2604166666666667 0.38472222222222224 0.17222222222222222 0.12986111111111112
2 0.18680555555555556 0.5006944444444444 0.1625 0.18472222222222223
2 0.42291666666666666 0.3055555555555556 0.14583333333333334 0.19236111111111112
2 0.45208333333333334 0.1909722222222222 0.15555555555555556 0.19722222222222222
2 0.7159722222222222 0.28958333333333336 0.11666666666666667 0.10833333333333334
2 0.6840277777777778 0.17430555555555555 0.13125 0.12569444444444444
2 0.25 0.6319444444444444 0.1076388888888889 0.09027777777777778
2 0.3236111111111111 0.5256944444444445 0.10347222222222222 0.09166666666666666
2 0.3625 0.46111111111111114 0.11388888888888889 0.08055555555555556
2 0.2798611111111111 0.8340277777777778 0.1875 0.19444444444444445
2 0.5180555555555556 0.46041666666666664 0.14097222222222222 0.13055555555555556
2 0.7791666666666667 0.3416666666666667 0.11666666666666667 0.10833333333333334
8 0.09444444444444444 0.25555555555555554 0.18819444444444444 0.20416666666666666
8 0.14166666666666666 0.3645833333333333 0.14930555555555555 0.23194444444444445
8 0.07222222222222222 0.5215277777777778 0.1125 0.19444444444444445
8 0.4284722222222222 0.8125 0.14166666666666666 0.17708333333333334
2 0.2013888888888889 0.049305555555555554 0.23055555555555557 0.09861111111111111
8 0.3840277777777778 0.13958333333333334 0.1909722222222222 0.16041666666666668
2 0.41388888888888886 0.07569444444444444 0.19652777777777777 0.1361111111111111
8 0.5472222222222223 0.25277777777777777 0.11180555555555556 0.12569444444444444
2 0.5541666666666667 0.10972222222222222 0.13472222222222222 0.15138888888888888
2 0.6979166666666666 0.09444444444444444 0.12986111111111112 0.08958333333333333