8 0.2013888888888889 0.28402777777777777 0.1625 0.21458333333333332
8 0.30972222222222223 0.4465277777777778 0.09583333333333334 0.1284722222222222
2 0.6847222222222222 0.4048611111111111 0.15625 0.24166666666666667
8 0.75 0.425 0.1111111111111111 0.19722222222222222
8 0.8479166666666667 0.34791666666666665 0.1361111111111111 0.17291666666666666
8 0.85 0.6673611111111111 0.19375 0.15416666666666667
2 0.4708333333333333 0.33125 0.15416666666666667 0.2111111111111111
8 0.44722222222222224 0.14722222222222223 0.13055555555555556 0.11041666666666666
8 0.18194444444444444 0.09444444444444444 0.1527777777777778 0.1736111111111111
2 0.42569444444444443 0.4 0.1763888888888889 0.1597222222222222
2 0.5548611111111111 0.21666666666666667 0.15555555555555556 0.24930555555555556
2 0.6277777777777778 0.08472222222222223 0.1388888888888889 0.16944444444444445
2 0.7763888888888889 0.08680555555555555 0.16041666666666668 0.1736111111111111
2 0.84375 0.22083333333333333 0.14722222222222223 0.1798611111111111
8 0.8409722222222222 0.08263888888888889 0.1736111111111111 0.16527777777777777
2 0.9229166666666667 0.15833333333333333 0.15416666666666667 0.1840277777777778
2 0.9222222222222223 0.36875 0.075 0.21458333333333332
2 0.8777777777777778 0.5520833333333334 0.20625 0.19027777777777777
2 0.8166666666666667 0.5555555555555556 0.15625 0.19166666666666668
2 0.93125 0.8513888888888889 0.1375 0.11180555555555556
2 0.6986111111111111 0.875 0.13194444444444445 0.21736111111111112
2 0.7645833333333333 0.7201388888888889 0.08194444444444444 0.16180555555555556
2 0.6673611111111111 0.7208333333333333 0.16527777777777777 0.16944444444444445
2 0.6861111111111111 0.64375 0.13472222222222222 0.2111111111111111
2 0.3125 0.7125 0.1840277777777778 0.23819444444444443
2 0.38958333333333334 0.8111111111111111 0.14791666666666667 0.18819444444444444
8 0.5972222222222222 0.85 0.14305555555555555 0.2923611111111111
8 0.43333333333333335 0.027083333333333334 0.20833333333333334 0.05416666666666667
2 0.32013888888888886 0.13194444444444445 0.16944444444444445 0.1840277777777778
2 0.05486111111111111 0.2833333333333333 0.10972222222222222 0.18333333333333332
2 0.08263888888888889 0.1486111111111111 0.15902777777777777 0.13819444444444445
2 0.40069444444444446 0.55625 0.1840277777777778 0.1597222222222222
2 0.4625 0.6319444444444444 0.17708333333333334 0.22083333333333333
2 0.28194444444444444 0.33055555555555555 0.15763888888888888 0.17777777777777778
2 0.07222222222222222 0.059722222222222225 0.14444444444444443 0.11944444444444445
2 0.7145833333333333 0.26319444444444445 0.1625 0.2048611111111111
2 0.5993055555555555 0.5513888888888889 0.12222222222222222 0.19583333333333333
8 0.5736111111111111 0.5243055555555556 0.15416666666666667 0.14166666666666666
2 0.6131944444444445 0.4 0.13055555555555556 0.18611111111111112