8 0.6416666666666667 0.16111111111111112 0.20277777777777778 0.20902777777777778
2 0.4986111111111111 0.1986111111111111 0.2388888888888889 0.2326388888888889
2 0.4979166666666667 0.4340277777777778 0.2076388888888889 0.19583333333333333
2 0.6402777777777777 0.3548611111111111 0.24861111111111112 0.19930555555555557
8 0.7020833333333333 0.5069444444444444 0.18680555555555556 0.19791666666666666
8 0.7243055555555555 0.2875 0.1326388888888889 0.15555555555555556
8 0.7868055555555555 0.39791666666666664 0.13125 0.18194444444444444
2 0.7986111111111112 0.31319444444444444 0.09166666666666666 0.18194444444444444
8 0.9041666666666667 0.4173611111111111 0.15069444444444444 0.22083333333333333
8 0.8923611111111112 0.19305555555555556 0.14166666666666666 0.1625
8 0.9541666666666667 0.3298611111111111 0.09097222222222222 0.2222222222222222
8 0.9472222222222222 0.5652777777777778 0.10555555555555556 0.19027777777777777
8 0.0798611111111111 0.11666666666666667 0.15902777777777777 0.14097222222222222
8 0.21944444444444444 0.6909722222222222 0.19791666666666666 0.23333333333333334
2 0.1423611111111111 0.8770833333333333 0.19027777777777777 0.19027777777777777
2 0.49583333333333335 0.7569444444444444 0.20902777777777778 0.1840277777777778
8 0.22569444444444445 0.1451388888888889 0.225 0.22291666666666668
2 0.12638888888888888 0.4326388888888889 0.15347222222222223 0.21180555555555555
2 0.28194444444444444 0.9368055555555556 0.21597222222222223 0.12638888888888888
2 0.59375 0.9333333333333333 0.24791666666666667 0.13333333333333333
2 0.7201388888888889 0.8972222222222223 0.1597222222222222 0.20555555555555555
2 0.8513888888888889 0.8263888888888888 0.1875 0.25763888888888886