2 0.8743055555555556 0.11388888888888889 0.22291666666666668 0.2125
2 0.6833333333333333 0.14166666666666666 0.14930555555555555 0.21666666666666667
2 0.50625 0.10486111111111111 0.1361111111111111 0.18194444444444444
2 0.8319444444444445 0.3576388888888889 0.14444444444444443 0.23194444444444445
2 0.9041666666666667 0.3423611111111111 0.1076388888888889 0.20694444444444443
2 0.6965277777777777 0.3458333333333333 0.13194444444444445 0.2076388888888889
2 0.6104166666666667 0.28055555555555556 0.14930555555555555 0.2076388888888889
2 0.3951388888888889 0.21041666666666667 0.16319444444444445 0.17083333333333334
2 0.22777777777777777 0.45625 0.18541666666666667 0.22083333333333333
8 0.22013888888888888 0.30694444444444446 0.20972222222222223 0.12986111111111112
2 0.2833333333333333 0.22361111111111112 0.12013888888888889 0.19722222222222222
2 0.48333333333333334 0.7993055555555556 0.13541666666666666 0.19027777777777777
2 0.38819444444444445 0.9381944444444444 0.1638888888888889 0.12291666666666666
2 0.39861111111111114 0.8604166666666667 0.11666666666666667 0.15
2 0.20555555555555555 0.9173611111111111 0.21944444444444444 0.16527777777777777
2 0.28125 0.8041666666666667 0.16597222222222222 0.21944444444444444
2 0.2701388888888889 0.6902777777777778 0.21666666666666667 0.17430555555555555
8 0.83125 0.8604166666666667 0.18611111111111112 0.16319444444444445
2 0.8631944444444445 0.7340277777777777 0.1673611111111111 0.21597222222222223
2 0.9479166666666666 0.9423611111111111 0.10416666666666667 0.1125
2 0.9520833333333333 0.8201388888888889 0.09583333333333334 0.15347222222222223
2 0.55625 0.6694444444444444 0.15347222222222223 0.19791666666666666
2 0.5638888888888889 0.5256944444444445 0.14444444444444443 0.1125
2 0.45625 0.5854166666666667 0.1736111111111111 0.14583333333333334
2 0.6166666666666667 0.6118055555555556 0.14305555555555555 0.20555555555555555
2 0.7895833333333333 0.56875 0.18125 0.13958333333333334
2 0.7097222222222223 0.7645833333333333 0.1527777777777778 0.21180555555555555
8 0.1076388888888889 0.26875 0.175 0.20972222222222223
8 0.35138888888888886 0.46944444444444444 0.13958333333333334 0.18194444444444444
8 0.5423611111111111 0.37430555555555556 0.18055555555555555 0.17291666666666666
8 0.9076388888888889 0.5006944444444444 0.15347222222222223 0.14027777777777778
8 0.9798611111111111 0.38819444444444445 0.03958333333333333 0.3055555555555556
8 0.09513888888888888 0.8493055555555555 0.19027777777777777 0.1986111111111111
2 0.13541666666666666 0.7541666666666667 0.18680555555555556 0.18472222222222223
2 0.16458333333333333 0.5875 0.10694444444444444 0.18888888888888888
2 0.08194444444444444 0.5236111111111111 0.1638888888888889 0.225
2 0.4326388888888889 0.38333333333333336 0.1361111111111111 0.17222222222222222