2 0.6298611111111111 0.1763888888888889 0.15902777777777777 0.2
2 0.6222222222222222 0.07222222222222222 0.19305555555555556 0.14375
2 0.8979166666666667 0.05347222222222222 0.20416666666666666 0.10694444444444444
2 0.8284722222222223 0.15138888888888888 0.1361111111111111 0.16319444444444445
2 0.5277777777777778 0.2826388888888889 0.1701388888888889 0.21736111111111112
2 0.6520833333333333 0.5409722222222222 0.175 0.19444444444444445
2 0.6541666666666667 0.75625 0.22708333333333333 0.18888888888888888
2 0.8381944444444445 0.8215277777777777 0.175 0.1763888888888889
2 0.27291666666666664 0.75625 0.16319444444444445 0.23333333333333334
2 0.36736111111111114 0.4791666666666667 0.2152777777777778 0.21458333333333332
2 0.21944444444444444 0.2604166666666667 0.15902777777777777 0.1875
2 0.14930555555555555 0.325 0.16597222222222222 0.15347222222222223
2 0.09097222222222222 0.11458333333333333 0.16597222222222222 0.14930555555555555
2 0.21597222222222223 0.07013888888888889 0.14305555555555555 0.13125
8 0.41180555555555554 0.19375 0.19166666666666668 0.17777777777777778
2 0.4479166666666667 0.08611111111111111 0.21597222222222223 0.17222222222222222
2 0.09861111111111111 0.5972222222222222 0.16111111111111112 0.19583333333333333
2 0.05694444444444444 0.45902777777777776 0.11388888888888889 0.1597222222222222
2 0.06180555555555556 0.33402777777777776 0.09722222222222222 0.1840277777777778
8 0.1527777777777778 0.76875 0.12361111111111112 0.18125
2 0.16111111111111112 0.64375 0.08125 0.17152777777777778
2 0.2298611111111111 0.5576388888888889 0.15069444444444444 0.14930555555555555
8 0.21319444444444444 0.425 0.17569444444444443 0.1451388888888889
8 0.2902777777777778 0.16875 0.19305555555555556 0.14097222222222222
8 0.09513888888888888 0.04236111111111111 0.19027777777777777 0.08472222222222223
8 0.7986111111111112 0.4847222222222222 0.21805555555555556 0.21180555555555555
8 0.8861111111111111 0.6486111111111111 0.22777777777777777 0.21388888888888888
8 0.9423611111111111 0.7354166666666667 0.11527777777777778 0.2013888888888889
2 0.7152777777777778 0.2722222222222222 0.15416666666666667 0.15138888888888888
2 0.7215277777777778 0.19305555555555556 0.1375 0.18819444444444444
2 0.7819444444444444 0.69375 0.23194444444444445 0.175