2 0.3375 0.2111111111111111 0.17083333333333334 0.17291666666666666
2 0.35625 0.04791666666666667 0.1736111111111111 0.09583333333333334
2 0.46597222222222223 0.07361111111111111 0.18333333333333332 0.10625
2 0.5381944444444444 0.05 0.2013888888888889 0.1
2 0.7305555555555555 0.2847222222222222 0.21458333333333332 0.20902777777777778
2 0.85 0.3451388888888889 0.1451388888888889 0.15347222222222223
2 0.6826388888888889 0.7409722222222223 0.19236111111111112 0.23680555555555555
2 0.7118055555555556 0.5604166666666667 0.14791666666666667 0.14791666666666667
2 0.8208333333333333 0.6805555555555556 0.14097222222222222 0.24583333333333332
2 0.9222222222222223 0.8388888888888889 0.13402777777777777 0.25
8 0.5951388888888889 0.53125 0.21180555555555555 0.175
2 0.55625 0.4131944444444444 0.22708333333333333 0.18611111111111112
2 0.4479166666666667 0.31805555555555554 0.14166666666666666 0.14583333333333334
2 0.37430555555555556 0.3472222222222222 0.1361111111111111 0.1451388888888889
2 0.08611111111111111 0.08680555555555555 0.1361111111111111 0.13194444444444445
2 0.0763888888888889 0.049305555555555554 0.1527777777777778 0.09861111111111111
2 0.28055555555555556 0.48125 0.20277777777777778 0.17222222222222222
2 0.24305555555555555 0.3625 0.14791666666666667 0.1625
2 0.15763888888888888 0.40208333333333335 0.19583333333333333 0.18263888888888888
2 0.06875 0.46805555555555556 0.12152777777777778 0.22430555555555556
2 0.16805555555555557 0.7305555555555555 0.14444444444444443 0.2152777777777778
2 0.21736111111111112 0.5972222222222222 0.1597222222222222 0.17708333333333334
2 0.27291666666666664 0.7284722222222222 0.12986111111111112 0.19236111111111112
2 0.4 0.9104166666666667 0.20208333333333334 0.17847222222222223
2 0.44166666666666665 0.7291666666666666 0.13472222222222222 0.14791666666666667
2 0.3611111111111111 0.7680555555555556 0.12986111111111112 0.15347222222222223
2 0.36736111111111114 0.6159722222222223 0.1625 0.175
8 0.5256944444444445 0.6284722222222222 0.18541666666666667 0.14166666666666666
8 0.4361111111111111 0.5256944444444445 0.13333333333333333 0.18263888888888888
8 0.93125 0.47847222222222224 0.1375 0.27152777777777776