2 0.15625 0.2590277777777778 0.13958333333333334 0.13819444444444445
2 0.1 0.50625 0.2 0.19027777777777777
2 0.07013888888888889 0.34097222222222223 0.13958333333333334 0.10833333333333334
2 0.24444444444444444 0.30277777777777776 0.20416666666666666 0.27708333333333335
2 0.1388888888888889 0.6625 0.22291666666666668 0.1125
2 0.2604166666666667 0.5375 0.18194444444444444 0.21944444444444444
8 0.3951388888888889 0.54375 0.13958333333333334 0.1673611111111111
2 0.38125 0.41388888888888886 0.17083333333333334 0.1625
2 0.3888888888888889 0.3013888888888889 0.16527777777777777 0.1451388888888889
2 0.5666666666666667 0.17777777777777778 0.20972222222222223 0.22291666666666668
2 0.7715277777777778 0.19027777777777777 0.2569444444444444 0.2548611111111111
2 0.49027777777777776 0.6666666666666666 0.18333333333333332 0.17291666666666666
2 0.5222222222222223 0.5125 0.12986111111111112 0.16944444444444445
2 0.5326388888888889 0.3701388888888889 0.20972222222222223 0.18472222222222223
2 0.5958333333333333 0.5965277777777778 0.16458333333333333 0.14930555555555555
2 0.7930555555555555 0.9270833333333334 0.1486111111111111 0.14583333333333334
2 0.8256944444444444 0.7763888888888889 0.15069444444444444 0.23541666666666666
8 0.7944444444444444 0.5909722222222222 0.22013888888888888 0.1125
2 0.8083333333333333 0.4708333333333333 0.15 0.15208333333333332
2 0.9506944444444444 0.39444444444444443 0.09861111111111111 0.12291666666666666
2 0.9604166666666667 0.2708333333333333 0.07847222222222222 0.12291666666666666
8 0.9166666666666666 0.6819444444444445 0.14722222222222223 0.18680555555555556
2 0.9569444444444445 0.5479166666666667 0.08611111111111111 0.15555555555555556
2 0.9381944444444444 0.9 0.12361111111111112 0.19722222222222222
8 0.8993055555555556 0.12916666666666668 0.20069444444444445 0.19027777777777777
8 0.6944444444444444 0.8006944444444445 0.14652777777777778 0.18680555555555556
8 0.9701388888888889 0.7333333333333333 0.059027777777777776 0.175
8 0.6652777777777777 0.48541666666666666 0.1527777777777778 0.14166666666666666
8 0.8131944444444444 0.39166666666666666 0.14583333333333334 0.10347222222222222
2 0.6416666666666667 0.6680555555555555 0.1486111111111111 0.18819444444444444