8 0.6368055555555555 0.4305555555555556 0.11944444444444445 0.16875
8 0.55625 0.5159722222222223 0.13958333333333334 0.22847222222222222
2 0.41041666666666665 0.7951388888888888 0.13541666666666666 0.18125
8 0.3784722222222222 0.6833333333333333 0.07222222222222222 0.17916666666666667
8 0.4638888888888889 0.68125 0.12013888888888889 0.2013888888888889
8 0.8263888888888888 0.76875 0.19583333333333333 0.18125
8 0.18472222222222223 0.9645833333333333 0.09513888888888888 0.07083333333333333
8 0.14583333333333334 0.6625 0.14375 0.20347222222222222
2 0.30069444444444443 0.07708333333333334 0.22430555555555556 0.15138888888888888
2 0.5159722222222223 0.06458333333333334 0.2048611111111111 0.1284722222222222
2 0.6305555555555555 0.08958333333333333 0.11180555555555556 0.17777777777777778
2 0.7215277777777778 0.1 0.13472222222222222 0.2
2 0.7375 0.5520833333333334 0.21319444444444444 0.20347222222222222
2 0.9604166666666667 0.91875 0.07847222222222222 0.1625
2 0.85625 0.9395833333333333 0.1736111111111111 0.12083333333333333
2 0.6659722222222222 0.7756944444444445 0.2951388888888889 0.16875
2 0.6034722222222222 0.7027777777777777 0.18472222222222223 0.21875
2 0.35208333333333336 0.5729166666666666 0.11597222222222223 0.15347222222222223
2 0.41875 0.5479166666666667 0.14791666666666667 0.18194444444444444
2 0.4354166666666667 0.45 0.1076388888888889 0.18194444444444444
2 0.2520833333333333 0.625 0.11666666666666667 0.23125
2 0.31180555555555556 0.4444444444444444 0.18680555555555556 0.13194444444444445
2 0.08263888888888889 0.5020833333333333 0.16527777777777777 0.1375
2 0.09930555555555555 0.42083333333333334 0.1986111111111111 0.12291666666666666
2 0.1840277777777778 0.5152777777777777 0.1326388888888889 0.1423611111111111
2 0.07152777777777777 0.7520833333333333 0.14305555555555555 0.20625
2 0.04513888888888889 0.9298611111111111 0.09027777777777778 0.14027777777777778
2 0.3145833333333333 0.9152777777777777 0.19305555555555556 0.16875
2 0.3784722222222222 0.9180555555555555 0.13055555555555556 0.14791666666666667
2 0.5201388888888889 0.8923611111111112 0.14444444444444443 0.10347222222222222
2 0.6263888888888889 0.9479166666666666 0.09375 0.10347222222222222
2 0.7041666666666667 0.9263888888888889 0.12708333333333333 0.14444444444444443