8 0.33055555555555555 0.5215277777777778 0.22430555555555556 0.2076388888888889
2 0.7548611111111111 0.21319444444444444 0.16527777777777777 0.1701388888888889
8 0.7805555555555556 0.125 0.18263888888888888 0.18958333333333333
8 0.7180555555555556 0.9090277777777778 0.20347222222222222 0.18194444444444444
8 0.33402777777777776 0.41944444444444445 0.2361111111111111 0.1597222222222222
2 0.08541666666666667 0.2951388888888889 0.17083333333333334 0.22291666666666668
2 0.18611111111111112 0.33819444444444446 0.16458333333333333 0.14027777777777778
2 0.06666666666666667 0.7368055555555556 0.12638888888888888 0.30625
2 0.07083333333333333 0.5770833333333333 0.14166666666666666 0.16180555555555556
2 0.15833333333333333 0.6736111111111112 0.125 0.25069444444444444
2 0.26875 0.8152777777777778 0.15486111111111112 0.25416666666666665
2 0.8520833333333333 0.925 0.1638888888888889 0.14930555555555555
2 0.9430555555555555 0.9041666666666667 0.11388888888888889 0.19166666666666668
2 0.7076388888888889 0.6180555555555556 0.2076388888888889 0.15347222222222223
2 0.5284722222222222 0.49722222222222223 0.22083333333333333 0.26944444444444443
2 0.44583333333333336 0.2423611111111111 0.17777777777777778 0.1763888888888889
2 0.6347222222222222 0.4097222222222222 0.14930555555555555 0.16666666666666666
2 0.7576388888888889 0.4666666666666667 0.18958333333333333 0.18263888888888888
2 0.8527777777777777 0.37083333333333335 0.23958333333333334 0.24444444444444444
2 0.93125 0.49027777777777776 0.1375 0.20972222222222223
2 0.93125 0.3125 0.1375 0.14791666666666667
8 0.5972222222222222 0.2465277777777778 0.23055555555555557 0.2111111111111111