2 0.9090277777777778 0.22083333333333333 0.1798611111111111 0.3020833333333333
2 0.9381944444444444 0.6534722222222222 0.12361111111111112 0.16805555555555557
2 0.9347222222222222 0.5277777777777778 0.12986111111111112 0.19444444444444445
2 0.9361111111111111 0.8270833333333333 0.12777777777777777 0.16111111111111112
2 0.8319444444444445 0.9590277777777778 0.1638888888888889 0.08194444444444444
2 0.8569444444444444 0.8895833333333333 0.14444444444444443 0.12291666666666666
2 0.6611111111111111 0.7340277777777777 0.19722222222222222 0.21597222222222223
2 0.7104166666666667 0.5555555555555556 0.12083333333333333 0.13194444444444445
2 0.8006944444444445 0.45625 0.12986111111111112 0.23402777777777778
2 0.7951388888888888 0.2965277777777778 0.1375 0.19375
2 0.8819444444444444 0.08194444444444444 0.14583333333333334 0.16319444444444445
2 0.9604166666666667 0.05416666666666667 0.07847222222222222 0.10625
2 0.7527777777777778 0.11666666666666667 0.18958333333333333 0.09375
2 0.5847222222222223 0.21875 0.19652777777777777 0.2791666666666667
2 0.6423611111111112 0.09513888888888888 0.15555555555555556 0.17569444444444443
2 0.42291666666666666 0.18125 0.0875 0.19027777777777777
2 0.4909722222222222 0.12222222222222222 0.2048611111111111 0.19027777777777777
2 0.5256944444444445 0.4423611111111111 0.15208333333333332 0.21875
2 0.3715277777777778 0.24930555555555556 0.1451388888888889 0.1840277777777778
2 0.1125 0.9645833333333333 0.18819444444444444 0.07083333333333333
2 0.09722222222222222 0.925 0.14375 0.11666666666666667
2 0.14722222222222223 0.8284722222222223 0.13125 0.18333333333333332
2 0.1423611111111111 0.6888888888888889 0.18055555555555555 0.13819444444444445
2 0.07152777777777777 0.7708333333333334 0.14305555555555555 0.17291666666666666
2 0.05763888888888889 0.6486111111111111 0.11527777777777778 0.1361111111111111
8 0.24375 0.5486111111111112 0.15347222222222223 0.24861111111111112
2 0.275 0.5902777777777778 0.2111111111111111 0.2013888888888889
2 0.044444444444444446 0.08680555555555555 0.08888888888888889 0.1736111111111111
2 0.19375 0.13402777777777777 0.17152777777777778 0.1361111111111111
2 0.3819444444444444 0.052083333333333336 0.23333333333333334 0.10416666666666667
8 0.2916666666666667 0.14166666666666666 0.15763888888888888 0.20347222222222222
8 0.41458333333333336 0.5548611111111111 0.18819444444444444 0.2673611111111111
8 0.3736111111111111 0.7979166666666667 0.19305555555555556 0.1284722222222222
8 0.33194444444444443 0.7715277777777778 0.21388888888888888 0.1673611111111111
8 0.7583333333333333 0.7506944444444444 0.1875 0.20972222222222223
2 0.09027777777777778 0.5006944444444444 0.15416666666666667 0.21875
2 0.10833333333333334 0.3375 0.20972222222222223 0.1326388888888889
2 0.3020833333333333 0.9270833333333334 0.17291666666666666 0.14583333333333334
2 0.575 0.8645833333333334 0.14166666666666666 0.13819444444444445
2 0.5166666666666667 0.7388888888888889 0.19236111111111112 0.17291666666666666
8 0.5868055555555556 0.6472222222222223 0.18611111111111112 0.18611111111111112
8 0.6368055555555555 0.47638888888888886 0.14444444444444443 0.18194444444444444
2 0.4166666666666667 0.39652777777777776 0.1486111111111111 0.15902777777777777
8 0.5131944444444444 0.0875 0.13541666666666666 0.14722222222222223