2 0.10694444444444444 0.2534722222222222 0.17847222222222223 0.20555555555555555
2 0.38333333333333336 0.12222222222222222 0.19305555555555556 0.21666666666666667
2 0.4513888888888889 0.38680555555555557 0.15833333333333333 0.14722222222222223
2 0.46458333333333335 0.2986111111111111 0.2 0.17222222222222222
8 0.40069444444444446 0.19930555555555557 0.15486111111111112 0.1625
2 0.3125 0.4013888888888889 0.17847222222222223 0.18819444444444444
2 0.6125 0.33958333333333335 0.18333333333333332 0.12986111111111112
8 0.91875 0.09166666666666666 0.1625 0.18333333333333332
2 0.9381944444444444 0.5194444444444445 0.12361111111111112 0.225
8 0.9430555555555555 0.36180555555555555 0.11388888888888889 0.19583333333333333
8 0.7284722222222222 0.6916666666666667 0.16597222222222222 0.22291666666666668
8 0.4465277777777778 0.7159722222222222 0.1736111111111111 0.20555555555555555
8 0.5972222222222222 0.5756944444444444 0.1875 0.18611111111111112
8 0.7236111111111111 0.4666666666666667 0.20555555555555555 0.20902777777777778
2 0.6229166666666667 0.6777777777777778 0.1361111111111111 0.21180555555555555
2 0.2298611111111111 0.7423611111111111 0.13125 0.18680555555555556
2 0.3263888888888889 0.7277777777777777 0.15347222222222223 0.17708333333333334
2 0.19305555555555556 0.5270833333333333 0.15416666666666667 0.2833333333333333
2 0.16319444444444445 0.35138888888888886 0.15416666666666667 0.23194444444444445
2 0.2604166666666667 0.1638888888888889 0.18194444444444444 0.27291666666666664
2 0.5569444444444445 0.10347222222222222 0.19027777777777777 0.20694444444444443
2 0.6152777777777778 0.2048611111111111 0.19791666666666666 0.18611111111111112
2 0.37222222222222223 0.5881944444444445 0.2152777777777778 0.19166666666666668
2 0.3923611111111111 0.4986111111111111 0.17222222222222222 0.12291666666666666
2 0.4756944444444444 0.5701388888888889 0.1388888888888889 0.19375
2 0.5409722222222222 0.8034722222222223 0.14791666666666667 0.1986111111111111
2 0.6319444444444444 0.8965277777777778 0.15416666666666667 0.18263888888888888
2 0.8083333333333333 0.40694444444444444 0.15 0.19930555555555557
2 0.7680555555555556 0.21666666666666667 0.2111111111111111 0.21041666666666667
2 0.9479166666666666 0.22361111111111112 0.10416666666666667 0.14722222222222223
2 0.75 0.8847222222222222 0.15555555555555556 0.16597222222222222
8 0.9409722222222222 0.9222222222222223 0.11805555555555555 0.15555555555555556
2 0.9201388888888888 0.8611111111111112 0.15902777777777777 0.17083333333333334