8 0.1875 0.46597222222222223 0.1875 0.19375
8 0.37222222222222223 0.5520833333333334 0.19166666666666668 0.17708333333333334
8 0.4173611111111111 0.8715277777777778 0.21875 0.2569444444444444
8 0.6020833333333333 0.3173611111111111 0.14305555555555555 0.24791666666666667
8 0.7201388888888889 0.36875 0.1638888888888889 0.24027777777777778
8 0.9555555555555556 0.7354166666666667 0.08819444444444445 0.16666666666666666
2 0.5340277777777778 0.6291666666666667 0.16805555555555557 0.1361111111111111
2 0.09166666666666666 0.5798611111111112 0.18333333333333332 0.18680555555555556
8 0.5361111111111111 0.9298611111111111 0.20833333333333334 0.14027777777777778
2 0.6111111111111112 0.8118055555555556 0.16666666666666666 0.24791666666666667
2 0.8347222222222223 0.875 0.17847222222222223 0.18611111111111112
2 0.6708333333333333 0.6222222222222222 0.17777777777777778 0.2013888888888889
2 0.8833333333333333 0.5173611111111112 0.17847222222222223 0.225
2 0.9006944444444445 0.44027777777777777 0.1986111111111111 0.2013888888888889