2 0.32222222222222224 0.15208333333333332 0.21805555555555556 0.2569444444444444
2 0.25972222222222224 0.5131944444444444 0.2 0.2111111111111111
2 0.18472222222222223 0.9006944444444445 0.22569444444444445 0.19791666666666666
8 0.5666666666666667 0.6493055555555556 0.15069444444444444 0.20347222222222222
2 0.5666666666666667 0.5409722222222222 0.1451388888888889 0.18194444444444444
8 0.6090277777777777 0.6888888888888889 0.14166666666666666 0.20347222222222222
2 0.6944444444444444 0.7319444444444444 0.06458333333333334 0.1076388888888889
2 0.44305555555555554 0.6666666666666666 0.13819444444444445 0.17291666666666666
8 0.6763888888888889 0.4083333333333333 0.16944444444444445 0.20902777777777778
8 0.7319444444444444 0.5381944444444444 0.1597222222222222 0.2791666666666667
8 0.7631944444444444 0.6902777777777778 0.12916666666666668 0.16111111111111112