2 0.7097222222222223 0.3236111111111111 0.15833333333333333 0.15694444444444444
2 0.5451388888888888 0.09861111111111111 0.20069444444444445 0.16875
2 0.23402777777777778 0.8944444444444445 0.19791666666666666 0.20416666666666666
2 0.5729166666666666 0.8027777777777778 0.14305555555555555 0.15763888888888888
2 0.7166666666666667 0.8402777777777778 0.1375 0.22083333333333333
8 0.7506944444444444 0.78125 0.1673611111111111 0.2
8 0.5520833333333334 0.6409722222222223 0.20972222222222223 0.19930555555555557
2 0.37916666666666665 0.5104166666666666 0.18541666666666667 0.21180555555555555
8 0.3875 0.39375 0.1625 0.21180555555555555
2 0.40208333333333335 0.3701388888888889 0.22083333333333333 0.26319444444444445
8 0.2861111111111111 0.3784722222222222 0.16944444444444445 0.23402777777777778
8 0.11458333333333333 0.23333333333333334 0.1736111111111111 0.26319444444444445