2 0.7631944444444444 0.12916666666666668 0.1423611111111111 0.2375
2 0.5368055555555555 0.13333333333333333 0.18263888888888888 0.19930555555555557
2 0.47291666666666665 0.2611111111111111 0.17708333333333334 0.22083333333333333
2 0.16527777777777777 0.3236111111111111 0.1284722222222222 0.19583333333333333
2 0.26319444444444445 0.2263888888888889 0.14930555555555555 0.20347222222222222
2 0.03958333333333333 0.22777777777777777 0.07916666666666666 0.23194444444444445
2 0.08680555555555555 0.5034722222222222 0.1736111111111111 0.1451388888888889
2 0.45694444444444443 0.8069444444444445 0.12638888888888888 0.21805555555555556
2 0.4888888888888889 0.6777777777777778 0.19027777777777777 0.1423611111111111
2 0.38125 0.8027777777777778 0.10208333333333333 0.11875
2 0.10625 0.9368055555555556 0.14791666666666667 0.12638888888888888
2 0.08263888888888889 0.7805555555555556 0.16527777777777777 0.2111111111111111
2 0.20208333333333334 0.9270833333333334 0.13541666666666666 0.14583333333333334
2 0.24861111111111112 0.8576388888888888 0.10486111111111111 0.11180555555555556
2 0.6597222222222222 0.8701388888888889 0.13125 0.16944444444444445
2 0.7263888888888889 0.7722222222222223 0.11805555555555555 0.175
2 0.7680555555555556 0.6506944444444445 0.1326388888888889 0.15347222222222223
2 0.8694444444444445 0.6875 0.13125 0.14930555555555555
2 0.8736111111111111 0.5875 0.10416666666666667 0.12430555555555556
2 0.9020833333333333 0.4888888888888889 0.14166666666666666 0.1423611111111111
8 0.7868055555555555 0.5416666666666666 0.20972222222222223 0.1375
2 0.7840277777777778 0.40347222222222223 0.18472222222222223 0.15347222222222223
2 0.9055555555555556 0.32222222222222224 0.13472222222222222 0.18611111111111112
2 0.6055555555555555 0.3527777777777778 0.1840277777777778 0.20208333333333334
2 0.4909722222222222 0.9645833333333333 0.1111111111111111 0.07083333333333333
2 0.5395833333333333 0.8847222222222222 0.16944444444444445 0.17916666666666667
2 0.8993055555555556 0.9611111111111111 0.12152777777777778 0.07777777777777778
2 0.9444444444444444 0.10208333333333333 0.11041666666666666 0.1625
8 0.32430555555555557 0.45902777777777776 0.20277777777777778 0.17291666666666666
8 0.5430555555555555 0.4965277777777778 0.14305555555555555 0.1840277777777778
8 0.26180555555555557 0.6986111111111111 0.15625 0.14444444444444443
8 0.17847222222222223 0.5826388888888889 0.15 0.21180555555555555
2 0.6 0.7145833333333333 0.15902777777777777 0.21597222222222223
2 0.6756944444444445 0.5465277777777777 0.125 0.15347222222222223
8 0.6756944444444445 0.21875 0.1638888888888889 0.18819444444444444