2 0.5298611111111111 0.5277777777777778 0.2125 0.19444444444444445
8 0.4798611111111111 0.4354166666666667 0.20555555555555555 0.12013888888888889
8 0.5048611111111111 0.7361111111111112 0.20694444444444443 0.23333333333333334
8 0.6180555555555556 0.1701388888888889 0.175 0.1951388888888889
2 0.8701388888888889 0.17430555555555555 0.19166666666666668 0.26875
2 0.8236111111111111 0.48125 0.17083333333333334 0.2111111111111111
2 0.6979166666666666 0.6291666666666667 0.15902777777777777 0.2013888888888889
2 0.675 0.4791666666666667 0.1625 0.175
2 0.6361111111111111 0.8104166666666667 0.2013888888888889 0.1986111111111111
2 0.6152777777777778 0.68125 0.12013888888888889 0.175
2 0.3423611111111111 0.7881944444444444 0.2388888888888889 0.1736111111111111
2 0.31875 0.5118055555555555 0.25416666666666665 0.18819444444444444
2 0.33611111111111114 0.32222222222222224 0.14791666666666667 0.19930555555555557
2 0.16041666666666668 0.2951388888888889 0.1284722222222222 0.11875
2 0.4888888888888889 0.20833333333333334 0.16041666666666668 0.2
2 0.5805555555555556 0.3590277777777778 0.14930555555555555 0.11666666666666667
2 0.5569444444444445 0.2826388888888889 0.15069444444444444 0.09513888888888888
2 0.36736111111111114 0.18055555555555555 0.1527777777777778 0.19583333333333333
2 0.5506944444444445 0.04861111111111111 0.15763888888888888 0.09513888888888888