2 0.36736111111111114 0.6625 0.1625 0.19027777777777777
2 0.2673611111111111 0.7840277777777778 0.09305555555555556 0.18611111111111112
2 0.14791666666666667 0.7263888888888889 0.18194444444444444 0.21944444444444444
2 0.22291666666666668 0.5916666666666667 0.18541666666666667 0.2111111111111111
2 0.3548611111111111 0.4215277777777778 0.1951388888888889 0.20347222222222222
8 0.4666666666666667 0.5583333333333333 0.21458333333333332 0.28125
2 0.5291666666666667 0.4388888888888889 0.16805555555555557 0.1597222222222222
2 0.04375 0.34375 0.0875 0.20347222222222222
2 0.7416666666666667 0.24861111111111112 0.17291666666666666 0.24166666666666667
2 0.8534722222222222 0.1451388888888889 0.10833333333333334 0.24930555555555556
2 0.5298611111111111 0.10555555555555556 0.1638888888888889 0.2111111111111111
2 0.36180555555555555 0.17152777777777778 0.16041666666666668 0.15833333333333333
2 0.4048611111111111 0.05694444444444444 0.16875 0.11388888888888889
2 0.08055555555555556 0.17430555555555555 0.15 0.17777777777777778
2 0.61875 0.5270833333333333 0.10277777777777777 0.20555555555555555
2 0.6194444444444445 0.3326388888888889 0.12430555555555556 0.18194444444444444
8 0.44513888888888886 0.30277777777777776 0.16041666666666668 0.19930555555555557
8 0.9305555555555556 0.10416666666666667 0.1361111111111111 0.20833333333333334
8 0.7479166666666667 0.05347222222222222 0.12708333333333333 0.10694444444444444
8 0.24861111111111112 0.28888888888888886 0.15347222222222223 0.17847222222222223
8 0.30277777777777776 0.10625 0.16875 0.19722222222222222
8 0.6277777777777778 0.10069444444444445 0.175 0.18611111111111112
8 0.14444444444444443 0.21597222222222223 0.1361111111111111 0.15555555555555556
8 0.7673611111111112 0.6402777777777777 0.225 0.2826388888888889