2 0.9125 0.059722222222222225 0.175 0.11666666666666667
2 0.5777777777777777 0.2548611111111111 0.15138888888888888 0.22083333333333333
2 0.8743055555555556 0.27152777777777776 0.18958333333333333 0.20902777777777778
2 0.9215277777777777 0.48680555555555555 0.15694444444444444 0.2423611111111111
2 0.7791666666666667 0.4479166666666667 0.16527777777777777 0.20347222222222222
2 0.8083333333333333 0.9090277777777778 0.14583333333333334 0.16180555555555556
2 0.6375 0.9284722222222223 0.14583333333333334 0.14305555555555555
2 0.6416666666666667 0.9069444444444444 0.18888888888888888 0.18611111111111112
2 0.6875 0.7361111111111112 0.24513888888888888 0.2076388888888889
2 0.5555555555555556 0.8201388888888889 0.14791666666666667 0.16597222222222222
2 0.4666666666666667 0.7201388888888889 0.15555555555555556 0.21388888888888888
2 0.3215277777777778 0.6833333333333333 0.15763888888888888 0.21875
2 0.18472222222222223 0.7048611111111112 0.14791666666666667 0.20972222222222223
2 0.24513888888888888 0.9055555555555556 0.16666666666666666 0.18819444444444444
2 0.06597222222222222 0.9083333333333333 0.13125 0.18194444444444444
2 0.07222222222222222 0.5847222222222223 0.14444444444444443 0.22916666666666666
2 0.17083333333333334 0.5069444444444444 0.20416666666666666 0.26319444444444445
2 0.28194444444444444 0.47152777777777777 0.19652777777777777 0.18611111111111112
2 0.4708333333333333 0.4736111111111111 0.18333333333333332 0.26875
2 0.5993055555555555 0.5333333333333333 0.18680555555555556 0.21875
2 0.3194444444444444 0.36944444444444446 0.11527777777777778 0.19583333333333333
2 0.4263888888888889 0.36527777777777776 0.11319444444444444 0.22083333333333333
2 0.46597222222222223 0.11180555555555556 0.15416666666666667 0.1375
8 0.10138888888888889 0.35694444444444445 0.18680555555555556 0.2423611111111111
2 0.04652777777777778 0.24583333333333332 0.08611111111111111 0.14375
2 0.04722222222222222 0.10902777777777778 0.09375 0.1388888888888889
2 0.45902777777777776 0.8993055555555556 0.10069444444444445 0.15
8 0.12569444444444444 0.8368055555555556 0.18125 0.19375
8 0.3680555555555556 0.9006944444444445 0.15833333333333333 0.19791666666666666
8 0.32916666666666666 0.1986111111111111 0.13472222222222222 0.24583333333333332
8 0.7326388888888888 0.1361111111111111 0.15069444444444444 0.26319444444444445
8 0.7013888888888888 0.3194444444444444 0.10694444444444444 0.17430555555555555
8 0.16597222222222222 0.1840277777777778 0.16458333333333333 0.17083333333333334
8 0.5520833333333334 0.4465277777777778 0.10208333333333333 0.18055555555555555