2 0.22430555555555556 0.10208333333333333 0.15555555555555556 0.20416666666666666
8 0.38055555555555554 0.2826388888888889 0.21736111111111112 0.21736111111111112
2 0.38263888888888886 0.12083333333333333 0.13333333333333333 0.1284722222222222
2 0.25277777777777777 0.40555555555555556 0.14791666666666667 0.19722222222222222
2 0.5340277777777778 0.33194444444444443 0.10972222222222222 0.21875
2 0.5388888888888889 0.18541666666666667 0.1875 0.16041666666666668
2 0.7604166666666666 0.08055555555555556 0.1909722222222222 0.16111111111111112
2 0.9326388888888889 0.23958333333333334 0.13472222222222222 0.12569444444444444
2 0.9298611111111111 0.13402777777777777 0.13958333333333334 0.2013888888888889
2 0.9222222222222223 0.6215277777777778 0.12013888888888889 0.21180555555555555
2 0.9520833333333333 0.46319444444444446 0.09583333333333334 0.18194444444444444
2 0.9631944444444445 0.33958333333333335 0.07361111111111111 0.10347222222222222
2 0.8409722222222222 0.9368055555555556 0.17222222222222222 0.12638888888888888
2 0.6993055555555555 0.8819444444444444 0.1076388888888889 0.1986111111111111
2 0.7597222222222222 0.8645833333333334 0.09722222222222222 0.15138888888888888
2 0.5819444444444445 0.8055555555555556 0.11736111111111111 0.1638888888888889
2 0.6159722222222223 0.7104166666666667 0.14652777777777778 0.16875
8 0.8027777777777778 0.7354166666666667 0.18333333333333332 0.19236111111111112
2 0.75625 0.65625 0.18263888888888888 0.17708333333333334
2 0.4777777777777778 0.5173611111111112 0.17291666666666666 0.2638888888888889
8 0.6527777777777778 0.26319444444444445 0.15138888888888888 0.225
8 0.6520833333333333 0.44375 0.2048611111111111 0.18194444444444444
2 0.7715277777777778 0.47847222222222224 0.17847222222222223 0.225
2 0.7763888888888889 0.3263888888888889 0.21736111111111112 0.11666666666666667
2 0.7736111111111111 0.21805555555555556 0.1638888888888889 0.13402777777777777
8 0.6416666666666667 0.6319444444444444 0.23194444444444445 0.22083333333333333