2 0.5902777777777778 0.49375 0.21736111111111112 0.2763888888888889
2 0.6402777777777777 0.7159722222222222 0.1701388888888889 0.30972222222222223
2 0.3173611111111111 0.6083333333333333 0.13958333333333334 0.23819444444444443
2 0.17430555555555555 0.8909722222222223 0.20069444444444445 0.21736111111111112
2 0.03958333333333333 0.7486111111111111 0.07916666666666666 0.19236111111111112
8 0.09027777777777778 0.78125 0.09166666666666666 0.21319444444444444
8 0.1284722222222222 0.9298611111111111 0.1736111111111111 0.14027777777777778
8 0.11180555555555556 0.5534722222222223 0.14375 0.18680555555555556
8 0.6409722222222223 0.2375 0.1527777777777778 0.2125
8 0.5534722222222223 0.12361111111111112 0.17777777777777778 0.23194444444444445
8 0.4798611111111111 0.2326388888888889 0.13333333333333333 0.2611111111111111
8 0.40069444444444446 0.36041666666666666 0.12152777777777778 0.23055555555555557
2 0.79375 0.39652777777777776 0.175 0.17222222222222222
8 0.8069444444444445 0.2569444444444444 0.1527777777777778 0.19930555555555557
8 0.28125 0.8402777777777778 0.0875 0.27291666666666664
8 0.3972222222222222 0.15902777777777777 0.1527777777777778 0.23819444444444443
8 0.7763888888888889 0.06875 0.2076388888888889 0.1375
8 0.8993055555555556 0.1625 0.20069444444444445 0.1798611111111111
2 0.8333333333333334 0.5666666666666667 0.14583333333333334 0.29097222222222224
2 0.7756944444444445 0.7402777777777778 0.16319444444444445 0.19583333333333333
2 0.7104166666666667 0.9201388888888888 0.1638888888888889 0.15902777777777777
8 0.041666666666666664 0.32430555555555557 0.08263888888888889 0.28125
2 0.11041666666666666 0.2604166666666667 0.15 0.20555555555555555
2 0.15833333333333333 0.7409722222222223 0.1388888888888889 0.17708333333333334
2 0.9236111111111112 0.7111111111111111 0.14097222222222222 0.19652777777777777
2 0.8298611111111112 0.9395833333333333 0.17083333333333334 0.12083333333333333
2 0.9534722222222223 0.9069444444444444 0.09027777777777778 0.18611111111111112
2 0.30625 0.10347222222222222 0.18125 0.19791666666666666
8 0.06041666666666667 0.09166666666666666 0.12013888888888889 0.18333333333333332
2 0.15694444444444444 0.075 0.1527777777777778 0.15
2 0.8625 0.8645833333333334 0.175 0.17708333333333334