8 0.10902777777777778 0.5680555555555555 0.21805555555555556 0.30069444444444443
8 0.10694444444444444 0.8625 0.21388888888888888 0.2722222222222222
8 0.3763888888888889 0.6027777777777777 0.17430555555555555 0.2791666666666667
8 0.16597222222222222 0.36527777777777776 0.22777777777777777 0.16875
8 0.27708333333333335 0.20347222222222222 0.21597222222222223 0.22291666666666668
8 0.5479166666666667 0.4423611111111111 0.18611111111111112 0.25763888888888886
8 0.5555555555555556 0.2652777777777778 0.19652777777777777 0.25555555555555554
8 0.41458333333333336 0.31875 0.13958333333333334 0.23194444444444445
2 0.20555555555555555 0.7722222222222223 0.15486111111111112 0.25277777777777777
2 0.23402777777777778 0.5979166666666667 0.16875 0.25
2 0.44305555555555554 0.8284722222222223 0.22569444444444445 0.30069444444444443
2 0.6368055555555555 0.73125 0.20277777777777778 0.3527777777777778
2 0.8430555555555556 0.7756944444444445 0.23402777777777778 0.3451388888888889
2 0.9166666666666666 0.6486111111111111 0.16666666666666666 0.2534722222222222
2 0.8944444444444445 0.3770833333333333 0.21041666666666667 0.19791666666666666
2 0.9236111111111112 0.19444444444444445 0.1527777777777778 0.16666666666666666
2 0.7763888888888889 0.2076388888888889 0.17430555555555555 0.2111111111111111
2 0.7625 0.05347222222222222 0.14097222222222222 0.10694444444444444
2 0.6194444444444445 0.30416666666666664 0.09444444444444444 0.16527777777777777
2 0.5652777777777778 0.04583333333333333 0.1284722222222222 0.09166666666666666
8 0.40555555555555556 0.07847222222222222 0.25277777777777777 0.15694444444444444
8 0.7604166666666666 0.46597222222222223 0.16111111111111112 0.2013888888888889