2 0.6583333333333333 0.7006944444444444 0.17291666666666666 0.24027777777777778
2 0.75 0.5326388888888889 0.24375 0.3597222222222222
2 0.8541666666666666 0.17430555555555555 0.19791666666666666 0.2298611111111111
2 0.2763888888888889 0.4895833333333333 0.22430555555555556 0.2673611111111111
2 0.4423611111111111 0.33402777777777776 0.18888888888888888 0.2361111111111111
2 0.4097222222222222 0.21319444444444444 0.17847222222222223 0.2423611111111111
2 0.08472222222222223 0.2777777777777778 0.12361111111111112 0.2534722222222222
2 0.6340277777777777 0.33402777777777776 0.21597222222222223 0.22291666666666668
8 0.6138888888888889 0.18055555555555555 0.21597222222222223 0.23472222222222222
8 0.9055555555555556 0.3770833333333333 0.18888888888888888 0.23680555555555555
8 0.7569444444444444 0.09444444444444444 0.18611111111111112 0.18888888888888888
8 0.41458333333333336 0.6694444444444444 0.3055555555555556 0.3076388888888889
8 0.14791666666666667 0.6854166666666667 0.2013888888888889 0.3402777777777778
8 0.024305555555555556 0.15208333333333332 0.04861111111111111 0.26458333333333334