2 0.7770833333333333 0.8548611111111111 0.20555555555555555 0.26180555555555557
2 0.7520833333333333 0.31319444444444444 0.17430555555555555 0.27291666666666664
2 0.7895833333333333 0.46875 0.20625 0.23194444444444445
2 0.7631944444444444 0.10347222222222222 0.10347222222222222 0.20694444444444443
2 0.6472222222222223 0.20694444444444443 0.1361111111111111 0.25555555555555554
2 0.5368055555555555 0.14444444444444443 0.12013888888888889 0.28888888888888886
2 0.45208333333333334 0.11527777777777778 0.11666666666666667 0.23055555555555557
2 0.24027777777777778 0.6298611111111111 0.15694444444444444 0.26805555555555555
2 0.37569444444444444 0.12222222222222222 0.17847222222222223 0.2423611111111111
2 0.35555555555555557 0.8944444444444445 0.22569444444444445 0.2111111111111111
2 0.09166666666666666 0.6319444444444444 0.18333333333333332 0.2076388888888889
2 0.42430555555555555 0.4166666666666667 0.17847222222222223 0.16666666666666666
8 0.5833333333333334 0.4534722222222222 0.15 0.2534722222222222
8 0.6222222222222222 0.6486111111111111 0.14444444444444443 0.2923611111111111
8 0.25972222222222224 0.43125 0.09791666666666667 0.2361111111111111
8 0.21458333333333332 0.22847222222222222 0.19236111111111112 0.2263888888888889
8 0.17847222222222223 0.06736111111111111 0.18472222222222223 0.13472222222222222
8 0.06736111111111111 0.20972222222222223 0.13472222222222222 0.2625
8 0.044444444444444446 0.4701388888888889 0.08888888888888889 0.17083333333333334
8 0.12013888888888889 0.8631944444444445 0.16944444444444445 0.27291666666666664
2 0.0798611111111111 0.3729166666666667 0.15833333333333333 0.22291666666666668
8 0.3597222222222222 0.575 0.18541666666666667 0.19652777777777777
2 0.32708333333333334 0.6743055555555556 0.17847222222222223 0.1840277777777778