2 0.06736111111111111 0.4791666666666667 0.13472222222222222 0.21388888888888888
2 0.12916666666666668 0.9416666666666667 0.14444444444444443 0.11666666666666667
2 0.3840277777777778 0.8972222222222223 0.1875 0.20555555555555555
2 0.2388888888888889 0.6520833333333333 0.12430555555555556 0.23333333333333334
2 0.17430555555555555 0.3284722222222222 0.16180555555555556 0.2513888888888889
2 0.3090277777777778 0.42916666666666664 0.14305555555555555 0.16666666666666666
2 0.49027777777777776 0.41944444444444445 0.1736111111111111 0.17291666666666666
2 0.6472222222222223 0.9270833333333334 0.16944444444444445 0.14583333333333334
2 0.4638888888888889 0.7930555555555555 0.16458333333333333 0.19791666666666666
2 0.2861111111111111 0.7854166666666667 0.10694444444444444 0.175
8 0.3590277777777778 0.6868055555555556 0.13472222222222222 0.19375
2 0.5854166666666667 0.6826388888888889 0.12430555555555556 0.22361111111111112
2 0.9361111111111111 0.27291666666666664 0.12777777777777777 0.20555555555555555
2 0.7597222222222222 0.8458333333333333 0.21458333333333332 0.17916666666666667
2 0.7604166666666666 0.7215277777777778 0.1909722222222222 0.15138888888888888
2 0.7534722222222222 0.6041666666666666 0.2111111111111111 0.15138888888888888
2 0.8472222222222222 0.9395833333333333 0.175 0.12083333333333333
2 0.9458333333333333 0.9277777777777778 0.10833333333333334 0.1284722222222222
2 0.9027777777777778 0.6243055555555556 0.19444444444444445 0.1875
2 0.8673611111111111 0.4847222222222222 0.2652777777777778 0.16666666666666666
2 0.8145833333333333 0.3277777777777778 0.21180555555555555 0.16527777777777777
2 0.5951388888888889 0.12777777777777777 0.12986111111111112 0.17569444444444443
2 0.44305555555555554 0.22569444444444445 0.23958333333333334 0.17569444444444443
2 0.46597222222222223 0.08819444444444445 0.1736111111111111 0.1763888888888889
8 0.05486111111111111 0.8111111111111111 0.10972222222222222 0.20833333333333334
2 0.09652777777777778 0.6666666666666666 0.19305555555555556 0.21180555555555555
8 0.10972222222222222 0.27361111111111114 0.1736111111111111 0.2263888888888889
8 0.11597222222222223 0.09236111111111112 0.1625 0.18472222222222223
8 0.23819444444444443 0.13402777777777777 0.1673611111111111 0.18055555555555555
2 0.6506944444444445 0.40208333333333335 0.22083333333333333 0.14375
2 0.5979166666666667 0.5034722222222222 0.18333333333333332 0.1840277777777778
8 0.7909722222222222 0.1763888888888889 0.2625 0.22083333333333333
8 0.7708333333333334 0.11319444444444444 0.23125 0.2263888888888889
8 0.2388888888888889 0.4673611111111111 0.17847222222222223 0.19027777777777777