8 0.9381944444444444 0.36180555555555555 0.12361111111111112 0.23472222222222222
8 0.8819444444444444 0.6236111111111111 0.14166666666666666 0.22916666666666666
8 0.8083333333333333 0.7805555555555556 0.175 0.15347222222222223
8 0.6340277777777777 0.825 0.21180555555555555 0.22152777777777777
2 0.25069444444444444 0.8972222222222223 0.16805555555555557 0.20555555555555555
8 0.26805555555555555 0.8152777777777778 0.17291666666666666 0.14444444444444443
8 0.16319444444444445 0.8208333333333333 0.1486111111111111 0.15555555555555556
2 0.325 0.4111111111111111 0.1361111111111111 0.19444444444444445
8 0.3902777777777778 0.38680555555555557 0.15347222222222223 0.19930555555555557
8 0.19652777777777777 0.34444444444444444 0.1625 0.15902777777777777
8 0.7868055555555555 0.9368055555555556 0.16597222222222222 0.12638888888888888
2 0.05347222222222222 0.21319444444444444 0.10694444444444444 0.28194444444444444
2 0.06666666666666667 0.04791666666666667 0.13333333333333333 0.09583333333333334
2 0.18125 0.10208333333333333 0.20972222222222223 0.20416666666666666
2 0.2986111111111111 0.21597222222222223 0.2 0.24722222222222223
2 0.34652777777777777 0.14097222222222222 0.2076388888888889 0.24027777777777778
2 0.4638888888888889 0.21597222222222223 0.1451388888888889 0.18194444444444444
2 0.5534722222222223 0.3909722222222222 0.19166666666666668 0.16111111111111112
2 0.5923611111111111 0.2569444444444444 0.1527777777777778 0.23819444444444443
2 0.6888888888888889 0.21597222222222223 0.1701388888888889 0.16319444444444445
2 0.7152777777777778 0.12430555555555556 0.1638888888888889 0.12986111111111112
2 0.7909722222222222 0.38819444444444445 0.2076388888888889 0.21458333333333332
2 0.7770833333333333 0.22847222222222222 0.1701388888888889 0.23958333333333334
2 0.9479166666666666 0.6090277777777777 0.10416666666666667 0.24027777777777778
2 0.7798611111111111 0.6236111111111111 0.15763888888888888 0.22916666666666666
2 0.5902777777777778 0.6388888888888888 0.19791666666666666 0.19444444444444445
2 0.43680555555555556 0.7222222222222222 0.1638888888888889 0.19236111111111112
2 0.4 0.6368055555555555 0.12013888888888889 0.13819444444444445
2 0.28402777777777777 0.6368055555555555 0.15069444444444444 0.22361111111111112
2 0.3145833333333333 0.5472222222222223 0.1638888888888889 0.14791666666666667
2 0.08194444444444444 0.6569444444444444 0.1638888888888889 0.16111111111111112
2 0.16041666666666668 0.6625 0.11875 0.20347222222222222
2 0.4 0.9236111111111112 0.15347222222222223 0.1527777777777778
2 0.5631944444444444 0.08819444444444445 0.18194444444444444 0.1763888888888889