2 0.5875 0.4284722222222222 0.1875 0.19027777777777777
2 0.5590277777777778 0.5576388888888889 0.14444444444444443 0.11736111111111111
2 0.6875 0.6645833333333333 0.20625 0.22083333333333333
2 0.38472222222222224 0.9236111111111112 0.22569444444444445 0.1527777777777778
2 0.42777777777777776 0.7923611111111111 0.14583333333333334 0.18263888888888888
2 0.47638888888888886 0.7458333333333333 0.14583333333333334 0.14930555555555555
2 0.5520833333333334 0.8895833333333333 0.14097222222222222 0.18819444444444444
2 0.26319444444444445 0.5909722222222222 0.12013888888888889 0.19027777777777777
2 0.3423611111111111 0.6375 0.13125 0.20555555555555555
2 0.38125 0.55625 0.12569444444444444 0.12083333333333333
2 0.12083333333333333 0.39652777777777776 0.18125 0.25763888888888886
2 0.04513888888888889 0.22361111111111112 0.09027777777777778 0.19722222222222222
2 0.10416666666666667 0.22430555555555556 0.16805555555555557 0.225
2 0.05694444444444444 0.12569444444444444 0.11388888888888889 0.15833333333333333
8 0.27291666666666664 0.3611111111111111 0.17847222222222223 0.225
8 0.1909722222222222 0.6020833333333333 0.18472222222222223 0.2847222222222222
8 0.10416666666666667 0.6319444444444444 0.15833333333333333 0.2263888888888889
8 0.12083333333333333 0.7840277777777778 0.19652777777777777 0.14652777777777778
8 0.12708333333333333 0.9430555555555555 0.18819444444444444 0.11319444444444444
8 0.7881944444444444 0.8944444444444445 0.1638888888888889 0.1986111111111111