8 0.09583333333333334 0.7145833333333333 0.19166666666666668 0.26805555555555555
8 0.23333333333333334 0.7263888888888889 0.1673611111111111 0.2659722222222222
8 0.35555555555555557 0.6486111111111111 0.19652777777777777 0.3055555555555556
8 0.5659722222222222 0.7486111111111111 0.18819444444444444 0.20555555555555555
8 0.5472222222222223 0.5506944444444445 0.2 0.2534722222222222
8 0.6090277777777777 0.5034722222222222 0.18125 0.24375
8 0.7784722222222222 0.5486111111111112 0.1638888888888889 0.20972222222222223
8 0.9215277777777777 0.6458333333333334 0.15694444444444444 0.22847222222222222
8 0.8715277777777778 0.34444444444444444 0.18888888888888888 0.21875
8 0.6472222222222223 0.07291666666666667 0.14583333333333334 0.14583333333333334
8 0.9583333333333334 0.2298611111111111 0.08333333333333333 0.1451388888888889
2 0.6548611111111111 0.40208333333333335 0.2388888888888889 0.22916666666666666
2 0.5534722222222223 0.13819444444444445 0.18194444444444444 0.20277777777777778
2 0.7472222222222222 0.18819444444444444 0.21319444444444444 0.2111111111111111
2 0.8694444444444445 0.11944444444444445 0.19930555555555557 0.2048611111111111