2 0.44583333333333336 0.4305555555555556 0.14305555555555555 0.22083333333333333
2 0.49930555555555556 0.4791666666666667 0.14305555555555555 0.22708333333333333
2 0.41458333333333336 0.6423611111111112 0.16875 0.22152777777777777
2 0.5583333333333333 0.7256944444444444 0.17222222222222222 0.27708333333333335
2 0.6180555555555556 0.6243055555555556 0.16944444444444445 0.2111111111111111
2 0.7326388888888888 0.5951388888888889 0.15069444444444444 0.21180555555555555
2 0.8055555555555556 0.6777777777777778 0.15902777777777777 0.1423611111111111
2 0.8298611111111112 0.5604166666666667 0.17847222222222223 0.16875
2 0.9277777777777778 0.5527777777777778 0.14444444444444443 0.15347222222222223
2 0.7229166666666667 0.16111111111111112 0.15486111111111112 0.19583333333333333
8 0.5493055555555556 0.20069444444444445 0.14444444444444443 0.17777777777777778