2 0.35347222222222224 0.6777777777777778 0.16805555555555557 0.2076388888888889
2 0.3972222222222222 0.7361111111111112 0.1486111111111111 0.2076388888888889
2 0.5215277777777778 0.7368055555555556 0.11805555555555555 0.12430555555555556
2 0.6263888888888889 0.7979166666666667 0.12291666666666666 0.175
2 0.6993055555555555 0.7631944444444444 0.10347222222222222 0.20972222222222223
2 0.6979166666666666 0.6020833333333333 0.10416666666666667 0.1597222222222222
2 0.55 0.5743055555555555 0.175 0.1763888888888889
2 0.8125 0.5590277777777778 0.1486111111111111 0.18472222222222223
2 0.7027777777777777 0.4083333333333333 0.14375 0.15694444444444444
2 0.6069444444444444 0.4013888888888889 0.18194444444444444 0.1361111111111111
2 0.2652777777777778 0.2972222222222222 0.19166666666666668 0.14930555555555555
2 0.17430555555555555 0.5652777777777778 0.12638888888888888 0.21666666666666667
2 0.041666666666666664 0.09444444444444444 0.08333333333333333 0.18888888888888888
2 0.09097222222222222 0.04722222222222222 0.17569444444444443 0.09444444444444444
2 0.33055555555555555 0.1909722222222222 0.17569444444444443 0.11875
2 0.32013888888888886 0.0625 0.16527777777777777 0.12430555555555556
2 0.3923611111111111 0.2701388888888889 0.12361111111111112 0.12083333333333333
2 0.5125 0.2763888888888889 0.12986111111111112 0.18611111111111112
2 0.43472222222222223 0.08055555555555556 0.11597222222222223 0.16111111111111112
2 0.5118055555555555 0.05347222222222222 0.19652777777777777 0.10694444444444444
2 0.5638888888888889 0.16041666666666668 0.17916666666666667 0.18819444444444444
2 0.6534722222222222 0.18958333333333333 0.14375 0.18194444444444444
2 0.7569444444444444 0.16805555555555557 0.12569444444444444 0.2423611111111111
2 0.6965277777777777 0.049305555555555554 0.14166666666666666 0.09861111111111111
2 0.8097222222222222 0.058333333333333334 0.15347222222222223 0.10138888888888889
2 0.8638888888888889 0.14583333333333334 0.16319444444444445 0.23055555555555557
8 0.9298611111111111 0.575 0.13958333333333334 0.2361111111111111