2 0.2916666666666667 0.1798611111111111 0.13819444444444445 0.22777777777777777
2 0.28680555555555554 0.3298611111111111 0.13819444444444445 0.14930555555555555
2 0.20833333333333334 0.44027777777777777 0.15208333333333332 0.11041666666666666
2 0.13680555555555557 0.7243055555555555 0.14930555555555555 0.2361111111111111
2 0.35138888888888886 0.8569444444444444 0.19791666666666666 0.2861111111111111
2 0.49236111111111114 0.8840277777777777 0.1284722222222222 0.11180555555555556
2 0.5833333333333334 0.9291666666666667 0.11527777777777778 0.13819444444444445
2 0.6736111111111112 0.9201388888888888 0.13958333333333334 0.15902777777777777
2 0.5229166666666667 0.7263888888888889 0.16458333333333333 0.14930555555555555
2 0.6736111111111112 0.7513888888888889 0.11041666666666666 0.1986111111111111
2 0.7756944444444445 0.7090277777777778 0.18263888888888888 0.18472222222222223
2 0.6708333333333333 0.5486111111111112 0.14444444444444443 0.14444444444444443
2 0.5743055555555555 0.5409722222222222 0.1361111111111111 0.1423611111111111
2 0.3784722222222222 0.43125 0.14027777777777778 0.1451388888888889
2 0.06736111111111111 0.19375 0.11875 0.23472222222222222
2 0.48541666666666666 0.42291666666666666 0.1486111111111111 0.19236111111111112
2 0.4027777777777778 0.2 0.10555555555555556 0.20902777777777778
2 0.4708333333333333 0.15138888888888888 0.13472222222222222 0.16319444444444445
2 0.5722222222222222 0.22847222222222222 0.11736111111111111 0.16875
2 0.5708333333333333 0.08680555555555555 0.16875 0.1736111111111111
2 0.7069444444444445 0.08472222222222223 0.15 0.16944444444444445
2 0.9375 0.049305555555555554 0.125 0.09861111111111111
2 0.9680555555555556 0.15138888888888888 0.06388888888888888 0.1763888888888889
2 0.9631944444444445 0.06111111111111111 0.07361111111111111 0.11388888888888889
2 0.9444444444444444 0.36527777777777776 0.11041666666666666 0.18194444444444444
2 0.8291666666666667 0.2652777777777778 0.17708333333333334 0.19583333333333333
2 0.7777777777777778 0.16458333333333333 0.1625 0.21041666666666667
2 0.5083333333333333 0.2916666666666667 0.12152777777777778 0.21666666666666667
8 0.9 0.7006944444444444 0.15208333333333332 0.18819444444444444