2 0.75 0.4888888888888889 0.16527777777777777 0.22083333333333333
2 0.7034722222222223 0.34652777777777777 0.16041666666666668 0.1763888888888889
2 0.6534722222222222 0.6083333333333333 0.1673611111111111 0.21180555555555555
2 0.8722222222222222 0.7458333333333333 0.12222222222222222 0.18055555555555555
2 0.7145833333333333 0.7631944444444444 0.11319444444444444 0.22291666666666668
2 0.7847222222222222 0.7881944444444444 0.14791666666666667 0.2076388888888889
2 0.6340277777777777 0.8847222222222222 0.17291666666666666 0.23055555555555557
2 0.5701388888888889 0.6993055555555555 0.14166666666666666 0.225
2 0.48055555555555557 0.47638888888888886 0.19305555555555556 0.2076388888888889
2 0.4527777777777778 0.2777777777777778 0.1125 0.175
2 0.5972222222222222 0.07916666666666666 0.16111111111111112 0.15833333333333333
2 0.36041666666666666 0.05416666666666667 0.1673611111111111 0.10625
2 0.3861111111111111 0.5277777777777778 0.17083333333333334 0.18680555555555556
2 0.2611111111111111 0.6270833333333333 0.14444444444444443 0.14444444444444443
2 0.24375 0.5256944444444445 0.16875 0.19027777777777777
2 0.24861111111111112 0.38125 0.17847222222222223 0.1673611111111111
2 0.1638888888888889 0.30833333333333335 0.17569444444444443 0.16527777777777777
2 0.18125 0.1909722222222222 0.18472222222222223 0.10625
2 0.1527777777777778 0.12291666666666666 0.23055555555555557 0.15902777777777777
2 0.15208333333333332 0.4847222222222222 0.16111111111111112 0.1597222222222222
2 0.05 0.575 0.1 0.2
2 0.044444444444444446 0.46041666666666664 0.08888888888888889 0.1375
2 0.04027777777777778 0.17291666666666666 0.07847222222222222 0.29791666666666666
2 0.06319444444444444 0.7673611111111112 0.12638888888888888 0.21875
2 0.13402777777777777 0.7055555555555556 0.13472222222222222 0.19166666666666668
8 0.8152777777777778 0.3173611111111111 0.16875 0.14375