2 0.29791666666666666 0.32222222222222224 0.12013888888888889 0.15486111111111112
2 0.4486111111111111 0.3416666666666667 0.15347222222222223 0.17291666666666666
2 0.4097222222222222 0.2222222222222222 0.12013888888888889 0.1951388888888889
2 0.5131944444444444 0.12569444444444444 0.15069444444444444 0.21041666666666667
2 0.61875 0.33819444444444446 0.12777777777777777 0.24444444444444444
2 0.5944444444444444 0.18958333333333333 0.11805555555555555 0.24722222222222223
2 0.049305555555555554 0.5895833333333333 0.09861111111111111 0.3236111111111111
2 0.5333333333333333 0.46875 0.18194444444444444 0.2652777777777778
2 0.6965277777777777 0.30069444444444443 0.18472222222222223 0.2673611111111111
2 0.7722222222222223 0.43194444444444446 0.20972222222222223 0.23055555555555557
2 0.7680555555555556 0.24722222222222223 0.16805555555555557 0.19236111111111112
2 0.7020833333333333 0.14722222222222223 0.1673611111111111 0.1625
2 0.8451388888888889 0.2972222222222222 0.12569444444444444 0.2013888888888889
2 0.7416666666666667 0.5729166666666666 0.16875 0.16111111111111112
2 0.8770833333333333 0.5493055555555556 0.12638888888888888 0.20416666666666666
2 0.9618055555555556 0.5423611111111111 0.0763888888888889 0.20972222222222223
2 0.93125 0.8638888888888889 0.1375 0.14375
2 0.9277777777777778 0.7583333333333333 0.14444444444444443 0.17291666666666666
2 0.975 0.9138888888888889 0.049305555555555554 0.17222222222222222
2 0.7861111111111111 0.7666666666666667 0.22708333333333333 0.19027777777777777
2 0.6027777777777777 0.7930555555555555 0.125 0.17152777777777778
2 0.50625 0.8527777777777777 0.22013888888888888 0.14791666666666667
2 0.26666666666666666 0.6965277777777777 0.19930555555555557 0.2263888888888889
2 0.07777777777777778 0.8298611111111112 0.15555555555555556 0.25833333333333336
2 0.1284722222222222 0.6895833333333333 0.1527777777777778 0.24444444444444444