2 0.08680555555555555 0.5381944444444444 0.1673611111111111 0.1361111111111111
2 0.06875 0.45069444444444445 0.1375 0.13194444444444445
2 0.19375 0.6465277777777778 0.15625 0.20972222222222223
2 0.20625 0.4423611111111111 0.1527777777777778 0.19236111111111112
2 0.37916666666666665 0.6 0.21041666666666667 0.16319444444444445
2 0.33125 0.5020833333333333 0.13819444444444445 0.18194444444444444
2 0.46597222222222223 0.7298611111111111 0.14444444444444443 0.2076388888888889
2 0.63125 0.8256944444444444 0.1527777777777778 0.19791666666666666
2 0.4222222222222222 0.28541666666666665 0.10555555555555556 0.25555555555555554
2 0.5375 0.26875 0.15069444444444444 0.22291666666666668
2 0.6263888888888889 0.39375 0.19166666666666668 0.225
2 0.5486111111111112 0.5666666666666667 0.14305555555555555 0.17430555555555555
2 0.6513888888888889 0.5847222222222223 0.10972222222222222 0.21666666666666667
2 0.7597222222222222 0.6854166666666667 0.1597222222222222 0.19652777777777777
2 0.9555555555555556 0.5694444444444444 0.08819444444444445 0.19930555555555557
2 0.9277777777777778 0.7888888888888889 0.14444444444444443 0.08472222222222223