2 0.8486111111111111 0.34375 0.2548611111111111 0.19027777777777777
2 0.5333333333333333 0.3506944444444444 0.24444444444444444 0.18472222222222223
2 0.6375 0.6048611111111111 0.22847222222222222 0.17916666666666667
2 0.6569444444444444 0.44722222222222224 0.17916666666666667 0.11805555555555555
2 0.51875 0.6625 0.1625 0.20347222222222222
2 0.5215277777777778 0.51875 0.15763888888888888 0.20902777777777778
2 0.3819444444444444 0.4486111111111111 0.17222222222222222 0.2763888888888889
2 0.2916666666666667 0.44583333333333336 0.12222222222222222 0.12083333333333333
2 0.2465277777777778 0.7027777777777777 0.20902777777777778 0.17916666666666667
2 0.3423611111111111 0.8972222222222223 0.1625 0.20555555555555555
2 0.06111111111111111 0.6520833333333333 0.12152777777777778 0.2673611111111111
2 0.05347222222222222 0.9125 0.10694444444444444 0.175
2 0.09583333333333334 0.8527777777777777 0.16597222222222222 0.12708333333333333
2 0.16111111111111112 0.9048611111111111 0.10625 0.14027777777777778
2 0.6347222222222222 0.9368055555555556 0.26666666666666666 0.12638888888888888