2 0.7166666666666667 0.71875 0.15763888888888888 0.18611111111111112
2 0.5819444444444445 0.7118055555555556 0.14652777777777778 0.20416666666666666
2 0.54375 0.5701388888888889 0.11944444444444445 0.14930555555555555
2 0.6361111111111111 0.5777777777777777 0.2111111111111111 0.1125
2 0.6680555555555555 0.5055555555555555 0.15763888888888888 0.10486111111111111
2 0.7395833333333334 0.4027777777777778 0.21805555555555556 0.17222222222222222
2 0.84375 0.2951388888888889 0.18263888888888888 0.1840277777777778
2 0.91875 0.22291666666666668 0.1625 0.16527777777777777
2 0.9520833333333333 0.10416666666666667 0.09305555555555556 0.20833333333333334
2 0.8263888888888888 0.12013888888888889 0.1527777777777778 0.14722222222222223
2 0.875 0.05416666666666667 0.14722222222222223 0.10833333333333334
2 0.6875 0.22013888888888888 0.14791666666666667 0.13819444444444445
2 0.70625 0.12916666666666668 0.13194444444444445 0.12013888888888889
2 0.6027777777777777 0.15138888888888888 0.1638888888888889 0.21041666666666667
2 0.6791666666666667 0.04583333333333333 0.22361111111111112 0.09166666666666666
2 0.53125 0.4048611111111111 0.15763888888888888 0.20208333333333334
2 0.49444444444444446 0.26875 0.1527777777777778 0.1840277777777778
2 0.40069444444444446 0.18055555555555555 0.2 0.15694444444444444
2 0.46319444444444446 0.14583333333333334 0.15347222222222223 0.1527777777777778
2 0.5180555555555556 0.04583333333333333 0.13541666666666666 0.09166666666666666
2 0.4215277777777778 0.05138888888888889 0.12916666666666668 0.10277777777777777
2 0.41458333333333336 0.4152777777777778 0.13958333333333334 0.19027777777777777
2 0.2833333333333333 0.5451388888888888 0.11041666666666666 0.17708333333333334
2 0.33055555555555555 0.5104166666666666 0.1909722222222222 0.13958333333333334
2 0.15625 0.5638888888888889 0.11597222222222223 0.08402777777777778
8 0.1798611111111111 0.4166666666666667 0.13402777777777777 0.2708333333333333
2 0.18611111111111112 0.30833333333333335 0.11180555555555556 0.2569444444444444
2 0.26180555555555557 0.22291666666666668 0.1361111111111111 0.18958333333333333
2 0.3159722222222222 0.30277777777777776 0.1423611111111111 0.21944444444444444
2 0.07083333333333333 0.17708333333333334 0.14166666666666666 0.1375
2 0.19791666666666666 0.1125 0.1597222222222222 0.17083333333333334
8 0.2777777777777778 0.059027777777777776 0.18263888888888888 0.11805555555555555
2 0.058333333333333334 0.059027777777777776 0.11666666666666667 0.11805555555555555