2 0.38055555555555554 0.2534722222222222 0.15902777777777777 0.14583333333333334
2 0.4326388888888889 0.1638888888888889 0.15555555555555556 0.2076388888888889
2 0.22847222222222222 0.22777777777777777 0.18680555555555556 0.19305555555555556
2 0.19236111111111112 0.06458333333333334 0.18333333333333332 0.1284722222222222
2 0.2763888888888889 0.3972222222222222 0.17916666666666667 0.13541666666666666
2 0.3597222222222222 0.4354166666666667 0.16180555555555556 0.17222222222222222
2 0.2048611111111111 0.46319444444444446 0.18819444444444444 0.16875
2 0.3215277777777778 0.6493055555555556 0.1284722222222222 0.125
8 0.39791666666666664 0.5826388888888889 0.1736111111111111 0.1597222222222222
2 0.7041666666666667 0.7013888888888888 0.23055555555555557 0.20347222222222222
2 0.8256944444444444 0.5222222222222223 0.18958333333333333 0.2152777777777778
2 0.8805555555555555 0.6743055555555556 0.1625 0.18819444444444444
2 0.9666666666666667 0.5618055555555556 0.06666666666666667 0.19652777777777777