2 0.1638888888888889 0.13333333333333333 0.18958333333333333 0.19930555555555557
2 0.1486111111111111 0.45625 0.16805555555555557 0.18194444444444444
2 0.18958333333333333 0.38125 0.18680555555555556 0.19375
8 0.1375 0.26666666666666666 0.16111111111111112 0.16666666666666666
2 0.36875 0.27708333333333335 0.2125 0.14166666666666666
2 0.08125 0.4340277777777778 0.1625 0.2013888888888889
2 0.27361111111111114 0.525 0.16458333333333333 0.21388888888888888
2 0.3076388888888889 0.38125 0.13958333333333334 0.15486111111111112
2 0.39444444444444443 0.7090277777777778 0.14791666666666667 0.20555555555555555
2 0.3611111111111111 0.5805555555555556 0.12013888888888889 0.20208333333333334
2 0.4826388888888889 0.5708333333333333 0.14375 0.20902777777777778
2 0.5368055555555555 0.7583333333333333 0.12986111111111112 0.19375
2 0.65625 0.4909722222222222 0.1638888888888889 0.18611111111111112
2 0.6631944444444444 0.3763888888888889 0.14791666666666667 0.17708333333333334
2 0.4625 0.43680555555555556 0.14166666666666666 0.18194444444444444
2 0.5069444444444444 0.32013888888888886 0.10833333333333334 0.18194444444444444
2 0.3840277777777778 0.12986111111111112 0.16180555555555556 0.19305555555555556
2 0.42916666666666664 0.06666666666666667 0.16319444444444445 0.13333333333333333
2 0.53125 0.15486111111111112 0.10833333333333334 0.15138888888888888
2 0.78125 0.8104166666666667 0.11597222222222223 0.18055555555555555
2 0.8666666666666667 0.8326388888888889 0.11527777777777778 0.20555555555555555
2 0.9395833333333333 0.7958333333333333 0.12013888888888889 0.22847222222222222
2 0.8430555555555556 0.6597222222222222 0.175 0.17847222222222223
2 0.93125 0.6888888888888889 0.11805555555555555 0.17708333333333334
2 0.7881944444444444 0.4909722222222222 0.17777777777777778 0.19930555555555557
2 0.7597222222222222 0.41180555555555554 0.14027777777777778 0.1451388888888889
2 0.6416666666666667 0.2222222222222222 0.19305555555555556 0.1951388888888889
2 0.7715277777777778 0.30069444444444443 0.13541666666666666 0.18958333333333333
2 0.8875 0.4284722222222222 0.15763888888888888 0.22916666666666666
2 0.7791666666666667 0.13819444444444445 0.11666666666666667 0.1375
2 0.6756944444444445 0.05347222222222222 0.13472222222222222 0.10694444444444444
2 0.5819444444444445 0.03819444444444445 0.15833333333333333 0.0763888888888889