2 0.8298611111111112 0.06527777777777778 0.19791666666666666 0.12777777777777777
2 0.8875 0.18263888888888888 0.15763888888888888 0.2
2 0.8826388888888889 0.375 0.19652777777777777 0.2013888888888889
2 0.9590277777777778 0.34930555555555554 0.08194444444444444 0.24305555555555555
2 0.9215277777777777 0.5180555555555556 0.15694444444444444 0.1625
2 0.8173611111111111 0.33125 0.1736111111111111 0.15902777777777777
2 0.7270833333333333 0.6368055555555555 0.22708333333333333 0.17708333333333334
2 0.7451388888888889 0.4791666666666667 0.15555555555555556 0.175
2 0.7270833333333333 0.37083333333333335 0.15347222222222223 0.1798611111111111
2 0.55625 0.5201388888888889 0.14930555555555555 0.23680555555555555
2 0.43125 0.46597222222222223 0.1527777777777778 0.18819444444444444
2 0.3159722222222222 0.48125 0.16180555555555556 0.20555555555555555
2 0.11527777777777778 0.45208333333333334 0.14652777777777778 0.19930555555555557
2 0.175 0.35138888888888886 0.10486111111111111 0.12777777777777777
2 0.6048611111111111 0.20625 0.13402777777777777 0.17569444444444443
2 0.5097222222222222 0.2611111111111111 0.125 0.16875
2 0.3611111111111111 0.2611111111111111 0.08125 0.14305555555555555
2 0.4395833333333333 0.2298611111111111 0.11597222222222223 0.11875
2 0.41388888888888886 0.13680555555555557 0.1125 0.15347222222222223
2 0.25833333333333336 0.23819444444444443 0.15902777777777777 0.10277777777777777
2 0.25277777777777777 0.12708333333333333 0.17708333333333334 0.14722222222222223
2 0.15347222222222223 0.22361111111111112 0.13472222222222222 0.1527777777777778
2 0.07013888888888889 0.3 0.12361111111111112 0.18194444444444444
2 0.058333333333333334 0.19027777777777777 0.11666666666666667 0.12430555555555556
2 0.11319444444444444 0.12777777777777777 0.10208333333333333 0.1625
2 0.9444444444444444 0.6277777777777778 0.11041666666666666 0.225