2 0.06180555555555556 0.12430555555555556 0.12291666666666666 0.1875
2 0.12013888888888889 0.2902777777777778 0.16944444444444445 0.21944444444444444
2 0.22569444444444445 0.16875 0.15694444444444444 0.1798611111111111
2 0.35347222222222224 0.15694444444444444 0.1638888888888889 0.23402777777777778
8 0.18888888888888888 0.48680555555555555 0.16180555555555556 0.20347222222222222
2 0.2902777777777778 0.4618055555555556 0.13472222222222222 0.23194444444444445
2 0.35694444444444445 0.5076388888888889 0.16458333333333333 0.21875
2 0.4395833333333333 0.7409722222222223 0.12986111111111112 0.14583333333333334
2 0.5354166666666667 0.7590277777777777 0.15555555555555556 0.18819444444444444
8 0.44305555555555554 0.6006944444444444 0.16180555555555556 0.15763888888888888
2 0.3680555555555556 0.3298611111111111 0.12916666666666668 0.1361111111111111
2 0.47638888888888886 0.36666666666666664 0.15 0.22291666666666668
2 0.5305555555555556 0.5111111111111111 0.1951388888888889 0.17291666666666666
2 0.6277777777777778 0.6145833333333334 0.18472222222222223 0.21180555555555555
2 0.6472222222222223 0.3972222222222222 0.16527777777777777 0.1875
8 0.74375 0.36180555555555555 0.16805555555555557 0.20694444444444443
2 0.7131944444444445 0.19375 0.13541666666666666 0.13055555555555556
2 0.5979166666666667 0.18263888888888888 0.1638888888888889 0.1875
2 0.8513888888888889 0.18888888888888888 0.17777777777777778 0.2
2 0.9604166666666667 0.1486111111111111 0.07847222222222222 0.17777777777777778
2 0.8694444444444445 0.9069444444444444 0.13333333333333333 0.18611111111111112
2 0.9590277777777778 0.8576388888888888 0.08194444444444444 0.17083333333333334
2 0.8409722222222222 0.7284722222222222 0.18194444444444444 0.20555555555555555
2 0.8451388888888889 0.5715277777777777 0.1451388888888889 0.16458333333333333
2 0.8430555555555556 0.46944444444444444 0.1361111111111111 0.19444444444444445
2 0.9680555555555556 0.6840277777777778 0.06388888888888888 0.19444444444444445
2 0.9541666666666667 0.45625 0.09097222222222222 0.18680555555555556
2 0.9395833333333333 0.3298611111111111 0.12013888888888889 0.2013888888888889
8 0.46597222222222223 0.15416666666666667 0.14444444444444443 0.22777777777777777