2 0.2513888888888889 0.08888888888888889 0.1638888888888889 0.1625
2 0.36180555555555555 0.1625 0.13125 0.15347222222222223
2 0.3215277777777778 0.33819444444444446 0.22152777777777777 0.1798611111111111
8 0.3333333333333333 0.5854166666666667 0.14305555555555555 0.2833333333333333
2 0.44930555555555557 0.4270833333333333 0.10069444444444445 0.2013888888888889
2 0.4131944444444444 0.7708333333333334 0.16527777777777777 0.1986111111111111
2 0.7506944444444444 0.9194444444444444 0.21041666666666667 0.15
2 0.625 0.6888888888888889 0.15902777777777777 0.22916666666666666
2 0.9236111111111112 0.7229166666666667 0.1527777777777778 0.25416666666666665
2 0.7368055555555556 0.5430555555555555 0.17291666666666666 0.20416666666666666
2 0.8 0.42777777777777776 0.1673611111111111 0.14375
2 0.9055555555555556 0.2388888888888889 0.18888888888888888 0.20902777777777778
2 0.6909722222222222 0.30277777777777776 0.1736111111111111 0.13402777777777777
2 0.5256944444444445 0.3034722222222222 0.1361111111111111 0.18819444444444444
2 0.44027777777777777 0.06666666666666667 0.15069444444444444 0.13333333333333333
2 0.5145833333333333 0.08611111111111111 0.1 0.1375
2 0.6020833333333333 0.09652777777777778 0.11944444444444445 0.19305555555555556
8 0.6756944444444445 0.1625 0.1736111111111111 0.21875
2 0.7986111111111112 0.0625 0.175 0.12430555555555556