8 0.27152777777777776 0.18541666666666667 0.18541666666666667 0.19930555555555557
8 0.44930555555555557 0.8534722222222222 0.19375 0.2076388888888889
8 0.41458333333333336 0.46111111111111114 0.15902777777777777 0.28888888888888886
8 0.8972222222222223 0.7118055555555556 0.18680555555555556 0.20416666666666666
2 0.35694444444444445 0.049305555555555554 0.14097222222222222 0.09861111111111111
8 0.4666666666666667 0.15486111111111112 0.21458333333333332 0.2298611111111111
2 0.8194444444444444 0.3770833333333333 0.3194444444444444 0.18472222222222223
2 0.9048611111111111 0.5569444444444445 0.1625 0.20694444444444443
2 0.7694444444444445 0.8513888888888889 0.21458333333333332 0.26805555555555555
2 0.19444444444444445 0.8069444444444445 0.20625 0.23125
2 0.09861111111111111 0.8861111111111111 0.15138888888888888 0.18125