2 0.4041666666666667 0.4736111111111111 0.17708333333333334 0.14375
2 0.36180555555555555 0.35694444444444445 0.16458333333333333 0.18472222222222223
2 0.31180555555555556 0.6305555555555555 0.1673611111111111 0.17152777777777778
2 0.42569444444444443 0.6722222222222223 0.15069444444444444 0.24861111111111112
2 0.5305555555555556 0.5930555555555556 0.17152777777777778 0.1423611111111111
8 0.5069444444444444 0.375 0.14791666666666667 0.22708333333333333
2 0.5659722222222222 0.2513888888888889 0.15902777777777777 0.1625
2 0.6805555555555556 0.2972222222222222 0.1486111111111111 0.21458333333333332
2 0.6423611111111112 0.5111111111111111 0.0875 0.17291666666666666
2 0.70625 0.48541666666666666 0.12638888888888888 0.1673611111111111
2 0.8701388888888889 0.5180555555555556 0.2111111111111111 0.2923611111111111
2 0.9458333333333333 0.4486111111111111 0.10833333333333334 0.28888888888888886
8 0.8868055555555555 0.7979166666666667 0.175 0.18819444444444444
2 0.9527777777777777 0.6465277777777778 0.09444444444444444 0.12083333333333333
2 0.050694444444444445 0.5770833333333333 0.1 0.3055555555555556
2 0.07152777777777777 0.9333333333333333 0.14305555555555555 0.13333333333333333