2 0.04861111111111111 0.43194444444444446 0.09722222222222222 0.26944444444444443
2 0.07222222222222222 0.30277777777777776 0.14444444444444443 0.23819444444444443
2 0.07708333333333334 0.19444444444444445 0.15416666666666667 0.2111111111111111
2 0.2388888888888889 0.3472222222222222 0.13958333333333334 0.22291666666666668
2 0.3388888888888889 0.49444444444444446 0.15416666666666667 0.21875
2 0.35625 0.36944444444444446 0.12013888888888889 0.2222222222222222
2 0.4673611111111111 0.3888888888888889 0.12222222222222222 0.23472222222222222
2 0.5013888888888889 0.6395833333333333 0.16527777777777777 0.22291666666666668
2 0.6444444444444445 0.6645833333333333 0.12986111111111112 0.22083333333333333
2 0.6493055555555556 0.8472222222222222 0.16458333333333333 0.1423611111111111
2 0.5472222222222223 0.2916666666666667 0.16041666666666668 0.15138888888888888
2 0.5513888888888889 0.46805555555555556 0.09444444444444444 0.18472222222222223
2 0.9458333333333333 0.6076388888888888 0.10833333333333334 0.17083333333333334
2 0.8840277777777777 0.5020833333333333 0.12569444444444444 0.22083333333333333
2 0.9604166666666667 0.4152777777777778 0.07847222222222222 0.20347222222222222
2 0.9284722222222223 0.16458333333333333 0.14305555555555555 0.13194444444444445
2 0.7402777777777778 0.23819444444444443 0.1361111111111111 0.175
2 0.6305555555555555 0.24513888888888888 0.13125 0.1625
2 0.6958333333333333 0.4708333333333333 0.09583333333333334 0.1840277777777778
2 0.7673611111111112 0.4340277777777778 0.12708333333333333 0.19583333333333333
2 0.8118055555555556 0.33055555555555555 0.14652777777777778 0.21666666666666667
8 0.5347222222222222 0.15 0.20902777777777778 0.17430555555555555
8 0.8694444444444445 0.2534722222222222 0.16458333333333333 0.1798611111111111
2 0.6319444444444444 0.4597222222222222 0.14444444444444443 0.18819444444444444