2 0.27361111111111114 0.05416666666666667 0.18611111111111112 0.10833333333333334
2 0.40625 0.049305555555555554 0.20555555555555555 0.09861111111111111
2 0.46944444444444444 0.12361111111111112 0.15694444444444444 0.21875
2 0.6194444444444445 0.06736111111111111 0.21666666666666667 0.13472222222222222
2 0.6930555555555555 0.11805555555555555 0.13958333333333334 0.2076388888888889
2 0.8451388888888889 0.12916666666666668 0.12569444444444444 0.19027777777777777
2 0.8291666666666667 0.03263888888888889 0.12777777777777777 0.06527777777777778
2 0.9118055555555555 0.03680555555555556 0.10138888888888889 0.07361111111111111
2 0.9520833333333333 0.125 0.09583333333333334 0.20277777777777778
2 0.6520833333333333 0.45555555555555555 0.175 0.23194444444444445
8 0.6375 0.3 0.14583333333333334 0.16875
2 0.7583333333333333 0.37916666666666665 0.1527777777777778 0.20972222222222223
8 0.7555555555555555 0.24791666666666667 0.17708333333333334 0.23402777777777778
8 0.3854166666666667 0.6777777777777778 0.14930555555555555 0.2076388888888889
8 0.08263888888888889 0.4986111111111111 0.16527777777777777 0.18333333333333332
2 0.08055555555555556 0.25555555555555554 0.16111111111111112 0.26180555555555557
2 0.14930555555555555 0.2951388888888889 0.17569444444444443 0.20972222222222223
2 0.2465277777777778 0.4798611111111111 0.11527777777777778 0.19583333333333333
8 0.3611111111111111 0.4534722222222222 0.19791666666666666 0.27361111111111114
2 0.5277777777777778 0.5951388888888889 0.15069444444444444 0.23819444444444443
2 0.5048611111111111 0.45555555555555555 0.18333333333333332 0.19236111111111112
2 0.9159722222222222 0.4340277777777778 0.14027777777777778 0.2013888888888889
2 0.9569444444444445 0.34375 0.08611111111111111 0.2298611111111111
2 0.925 0.30486111111111114 0.14930555555555555 0.15138888888888888
2 0.9118055555555555 0.8395833333333333 0.11805555555555555 0.17916666666666667
2 0.9069444444444444 0.7430555555555556 0.1375 0.16875
2 0.9604166666666667 0.7916666666666666 0.07847222222222222 0.16180555555555556
2 0.8416666666666667 0.9465277777777777 0.13472222222222222 0.10694444444444444
2 0.7895833333333333 0.7784722222222222 0.16111111111111112 0.25277777777777777
2 0.6604166666666667 0.9298611111111111 0.1736111111111111 0.14027777777777778
2 0.6326388888888889 0.7805555555555556 0.175 0.22361111111111112
2 0.50625 0.7333333333333333 0.1909722222222222 0.16944444444444445
2 0.45208333333333334 0.91875 0.18541666666666667 0.1625
2 0.3138888888888889 0.9041666666666667 0.1527777777777778 0.19166666666666668
2 0.1951388888888889 0.89375 0.13958333333333334 0.17083333333333334
2 0.08611111111111111 0.9298611111111111 0.08888888888888889 0.14027777777777778
2 0.1951388888888889 0.8090277777777778 0.18819444444444444 0.17083333333333334
2 0.12222222222222222 0.7173611111111111 0.18819444444444444 0.22847222222222222
2 0.2923611111111111 0.6388888888888888 0.21180555555555555 0.16875