2 0.625 0.5569444444444445 0.15486111111111112 0.18055555555555555
2 0.7159722222222222 0.4638888888888889 0.16111111111111112 0.24930555555555556
2 0.6 0.2875 0.16875 0.12986111111111112
2 0.7111111111111111 0.28541666666666665 0.14166666666666666 0.18541666666666667
2 0.8638888888888889 0.28680555555555554 0.17291666666666666 0.23958333333333334
2 0.9173611111111111 0.1125 0.15902777777777777 0.13194444444444445
2 0.7506944444444444 0.14444444444444443 0.1375 0.1951388888888889
2 0.7340277777777777 0.04027777777777778 0.1625 0.08055555555555556
2 0.1875 0.2534722222222222 0.2326388888888889 0.15347222222222223
2 0.27361111111111114 0.32569444444444445 0.20416666666666666 0.1875
2 0.2833333333333333 0.17291666666666666 0.16875 0.15486111111111112
2 0.4 0.38680555555555557 0.18819444444444444 0.225
2 0.3861111111111111 0.6916666666666667 0.20416666666666666 0.1763888888888889
2 0.38958333333333334 0.5451388888888888 0.1673611111111111 0.18263888888888888
2 0.2777777777777778 0.6409722222222223 0.14375 0.25069444444444444
2 0.3090277777777778 0.5458333333333333 0.1625 0.22430555555555556
2 0.16319444444444445 0.6791666666666667 0.14444444444444443 0.25625
2 0.2361111111111111 0.44583333333333336 0.14305555555555555 0.12083333333333333
8 0.041666666666666664 0.14444444444444443 0.08263888888888889 0.2076388888888889